0.000000000000000000e+00 8.000000000000000000e+00
1.666666666666666574e-01 1.101794890600244159e+01
3.333333333333333148e-01 1.237317688679412697e+01
5.000000000000000000e-01 1.329474027417880677e+01
6.666666666666666297e-01 1.397312829450746463e+01
8.333333333333332593e-01 1.449586020939507947e+01
1.000000000000000000e+00 1.491250528321646129e+01
1.166666666666666519e+00 1.525370183868295726e+01
1.333333333333333259e+00 1.553943571122756317e+01
1.500000000000000000e+00 1.578326925848370443e+01
1.666666666666666519e+00 1.599470069510539005e+01
1.833333333333333259e+00 1.618056011416246065e+01
2.000000000000000000e+00 1.634586875203240552e+01
2.166666666666666519e+00 1.649440604782472519e+01
2.333333333333333037e+00 1.662905128167881941e+01
2.500000000000000000e+00 1.675204395823227088e+01
2.666666666666666519e+00 1.686514955815167127e+01
2.833333333333333037e+00 1.696977870458084325e+01
3.000000000000000000e+00 1.706707243767528226e+01
3.166666666666666519e+00 1.715796420927506460e+01
3.333333333333333037e+00 1.724322561258880171e+01
3.500000000000000000e+00 1.732350056991713316e+01
3.666666666666666519e+00 1.739933121187062426e+01
3.833333333333333037e+00 1.747117769584270874e+01
4.000000000000000000e+00 1.753943354847502789e+01
4.166666666666666075e+00 1.760443766412243960e+01
4.333333333333333037e+00 1.766648377786497193e+01
4.500000000000000000e+00 1.772582801176082512e+01
4.666666666666666075e+00 1.778269493696284798e+01
4.833333333333333037e+00 1.783728248226603341e+01
5.000000000000000000e+00 1.788976593833941209e+01
5.166666666666666075e+00 1.794030124729266618e+01
5.333333333333333037e+00 1.798902772312053244e+01
5.500000000000000000e+00 1.803607031563240426e+01
5.666666666666666075e+00 1.808154150566867102e+01
5.833333333333333037e+00 1.812554290056972661e+01
6.000000000000000000e+00 1.816816658444935229e+01
6.166666666666666075e+00 1.820949626671169597e+01
6.333333333333333037e+00 1.824960826362323019e+01
6.500000000000000000e+00 1.828857234100626528e+01
6.666666666666666075e+00 1.832645244081476221e+01
6.833333333333333037e+00 1.836330731015221573e+01
7.000000000000000000e+00 1.839919104794643800e+01
7.166666666666666075e+00 1.843415358181695751e+01
7.333333333333333037e+00 1.846824108551354726e+01
7.500000000000000000e+00 1.850149634555828015e+01
7.666666666666666075e+00 1.853395908430295336e+01
7.833333333333333037e+00 1.856566624545273925e+01
8.000000000000000000e+00 1.859665224715330467e+01
8.166666666666666075e+00 1.862694920695236078e+01
8.333333333333332149e+00 1.865658714229505932e+01
8.500000000000000000e+00 1.868559414967088017e+01
8.666666666666666075e+00 1.871399656507731990e+01
8.833333333333332149e+00 1.874181910808631812e+01
9.000000000000000000e+00 1.876908501148068353e+01
9.166666666666666075e+00 1.879581613815820873e+01
9.333333333333332149e+00 1.882203308677321019e+01
9.500000000000000000e+00 1.884775528739154282e+01
9.666666666666666075e+00 1.887300108826964617e+01
9.833333333333332149e+00 1.889778783472715773e+01
1.000000000000000000e+01 1.892213194096136419e+01
1.016666666666666607e+01 1.894604895554753199e+01
1.033333333333333215e+01 1.896955362127953748e+01
1.050000000000000000e+01 1.899265992992725671e+01
1.066666666666666607e+01 1.901538117242006010e+01
1.083333333333333215e+01 1.903772998490719104e+01
1.100000000000000000e+01 1.905971839109486154e+01
1.116666666666666607e+01 1.908135784121536460e+01
1.133333333333333215e+01 1.910265924794462222e+01
1.150000000000000000e+01 1.912363301955057793e+01
1.166666666666666607e+01 1.914428909052451644e+01
1.183333333333333215e+01 1.916463694992140887e+01
1.200000000000000000e+01 1.918468566761176675e+01
1.216666666666666607e+01 1.920444391862704947e+01
1.233333333333333215e+01 1.922392000576238047e+01
1.250000000000000000e+01 1.924312188058418371e+01
1.266666666666666607e+01 1.926205716297592119e+01
1.283333333333333215e+01 1.928073315934240384e+01
1.300000000000000000e+01 1.929915687958159154e+01
1.316666666666666607e+01 1.931733505292278963e+01
1.333333333333333215e+01 1.933527414272083789e+01
1.350000000000000000e+01 1.935298036028784452e+01
1.366666666666666607e+01 1.937045967783670619e+01
1.383333333333333215e+01 1.938771784060389436e+01
1.400000000000000000e+01 1.940476037821329314e+01
1.416666666666666607e+01 1.942159261533736014e+01
1.433333333333333215e+01 1.943821968170715309e+01
1.450000000000000000e+01 1.945464652151832752e+01
1.466666666666666607e+01 1.947087790227641690e+01
1.483333333333333215e+01 1.948691842312098998e+01
1.500000000000000000e+01 1.950277252266508299e+01
1.516666666666666607e+01 1.951844448638348695e+01
1.533333333333333215e+01 1.953393845358059622e+01
1.550000000000000000e+01 1.954925842396630387e+01
1.566666666666666607e+01 1.956440826386604215e+01
1.583333333333333215e+01 1.957939171208917273e+01
1.600000000000000000e+01 1.959421238547805899e+01
1.616666666666666430e+01 1.960887378415836935e+01
1.633333333333333215e+01 1.962337929650984591e+01
1.650000000000000000e+01 1.963773220387507479e+01
1.666666666666666430e+01 1.965193568502275667e+01
1.683333333333333215e+01 1.966599282038068708e+01
1.700000000000000000e+01 1.967990659605244019e+01
1.716666666666666430e+01 1.969367990763109333e+01
1.733333333333333215e+01 1.970731556382196814e+01
1.750000000000000000e+01 1.972081628988591362e+01
1.766666666666666430e+01 1.973418473091358649e+01
1.783333333333333215e+01 1.974742345494069795e+01
1.800000000000000000e+01 1.976053495591327902e+01
1.816666666666666430e+01 1.977352165651168292e+01
1.833333333333333215e+01 1.978638591084120790e+01
1.850000000000000000e+01 1.979913000699693271e+01
1.866666666666666430e+01 1.981175616950968532e+01
1.883333333333333215e+01 1.982426656167970691e+01
1.900000000000000000e+01 1.983666328780421395e+01
1.916666666666666430e+01 1.984894839530448962e+01
1.933333333333333215e+01 1.986112387675795787e+01
1.950000000000000000e+01 1.987319167184031699e+01
1.966666666666666430e+01 1.988515366918238314e+01
1.983333333333333215e+01 1.989701170814617370e+01
2.000000000000000000e+01 1.990876758052440820e+01
2.016666666666666430e+01 1.992042303216726395e+01
2.033333333333333215e+01 1.993197976454025877e+01
2.050000000000000000e+01 1.994343943621654702e+01
2.066666666666666430e+01 1.995480366430707164e+01
2.083333333333333215e+01 1.996607402583153146e+01
2.100000000000000000e+01 1.997725205903316592e+01
2.116666666666666430e+01 1.998833926464008215e+01
2.133333333333333215e+01 1.999933710707561119e+01
2.150000000000000000e+01 2.001024701562036512e+01
2.166666666666666430e+01 2.002107038552800589e+01
2.183333333333333215e+01 2.003180857909720913e+01
2.200000000000000000e+01 2.004246292670161722e+01
2.216666666666666430e+01 2.005303472777993790e+01
2.233333333333333215e+01 2.006352525178790813e+01
2.250000000000000000e+01 2.007393573911392082e+01
2.266666666666666430e+01 2.008426740195994853e+01
2.283333333333333215e+01 2.009452142518933826e+01
2.300000000000000000e+01 2.010469896714298343e+01
2.316666666666666430e+01 2.011480116042521971e+01
2.333333333333333215e+01 2.012482911266084784e+01
2.350000000000000000e+01 2.013478390722450229e+01
2.366666666666666430e+01 2.014466660394360531e+01
2.383333333333333215e+01 2.015447823977600450e+01
2.400000000000000000e+01 1.147549137984668732e+01
2.416666666666666430e+01 8.460306055758026744e+00
2.433333333333333215e+01 7.107822205219812339e+00
2.450000000000000000e+01 6.188983768367448235e+00
2.466666666666666430e+01 5.513301785124941290e+00
2.483333333333333215e+01 4.993257254644351661e+00
2.500000000000000000e+01 4.579281167960946419e+00
2.516666666666666430e+01 4.240735452562182317e+00
2.533333333333333215e+01 3.957634518143467339e+00
2.550000000000000000e+01 3.716416247265467376e+00
2.566666666666666430e+01 3.507582660665587326e+00
2.583333333333333215e+01 3.324303895989847213e+00
2.600000000000000000e+01 3.161558943024195933e+00
2.616666666666666430e+01 3.015568584389092699e+00
2.633333333333333215e+01 2.883453757356799763e+00
2.650000000000000000e+01 2.762975170494527788e+00
2.666666666666666430e+01 2.652367552241443605e+00
2.683333333333333215e+01 2.550220484564909462e+00
2.700000000000000000e+01 2.455393128527148860e+00
2.716666666666666430e+01 2.366952229710270750e+00
2.733333333333333215e+01 2.284126388627183424e+00
2.750000000000000000e+01 2.206271873090078550e+00
2.766666666666666430e+01 2.132846739081569076e+00
2.783333333333333215e+01 2.063391012368157362e+00
2.800000000000000000e+01 1.997511346118594489e+00
2.816666666666666430e+01 1.934869022520071091e+00
2.833333333333333215e+01 1.875170479845018612e+00
2.850000000000000000e+01 1.818159766274482614e+00
2.866666666666666430e+01 1.763612477855760474e+00
2.883333333333333215e+01 1.711330850026835826e+00
2.900000000000000000e+01 1.661139753454278889e+00
2.916666666666666430e+01 1.612883404534416698e+00
2.933333333333333215e+01 1.566422645014690751e+00
2.950000000000000000e+01 1.521632678128006511e+00
2.966666666666666430e+01 1.478401173438376404e+00
2.983333333333333215e+01 1.436626671432255975e+00
3.000000000000000000e+01 1.396217233303707950e+00
3.016666666666666430e+01 1.357089292494331190e+00
3.033333333333333215e+01 1.319166673176662918e+00
3.050000000000000000e+01 1.282379747614369236e+00
3.066666666666666430e+01 1.246664709638769075e+00
3.083333333333333215e+01 1.211962945681777981e+00
3.100000000000000000e+01 1.178220488150539147e+00
3.116666666666666430e+01 1.145387538608139799e+00
3.133333333333333215e+01 1.113418050381828728e+00
3.150000000000000000e+01 1.082269361966532450e+00
3.166666666666666430e+01 1.051901874011666571e+00
3.183333333333333215e+01 1.022278763840637872e+00
3.200000000000000000e+01 9.968410681303073062e+00
3.216666666666666430e+01 1.145430519816686399e+01
3.233333333333332860e+01 1.210946030836672804e+01
3.250000000000000000e+01 1.254837647872838424e+01
3.266666666666666430e+01 1.286627237763559961e+01
3.283333333333332860e+01 1.310688330145078240e+01
3.300000000000000000e+01 1.329497102875171954e+01
3.316666666666666430e+01 1.344583323133794650e+01
3.333333333333332860e+01 1.356944259590077451e+01
3.350000000000000000e+01 1.367256123322360217e+01
3.366666666666666430e+01 1.375992025892597326e+01
3.383333333333332860e+01 1.383491772539881381e+01
3.400000000000000000e+01 1.390004818254331731e+01
3.416666666666666430e+01 1.395718614208756492e+01
3.433333333333332860e+01 1.400775683699702512e+01
3.450000000000000000e+01 1.405286635855094524e+01
3.466666666666666430e+01 1.409338448202153771e+01
3.483333333333332860e+01 1.413000420393249001e+01
3.500000000000000000e+01 1.416328433708168966e+01
3.516666666666666430e+01 1.419368046899886338e+01
3.533333333333332860e+01 1.422156779095813839e+01
3.550000000000000000e+01 1.424725815877742718e+01
3.566666666666666430e+01 1.427101300188005695e+01
3.583333333333332860e+01 1.429305320427286929e+01
3.600000000000000000e+01 1.431356674960711217e+01
3.616666666666666430e+01 1.433271469614370375e+01
3.633333333333332860e+01 1.435063589073286572e+01
3.650000000000000000e+01 1.436745072100754683e+01
3.666666666666666430e+01 1.438326781950501321e+01
3.683333333333332860e+01 1.439817172966256287e+01
3.700000000000000000e+01 1.441224704625109965e+01
3.716666666666666430e+01 1.442556527423313995e+01
3.733333333333332860e+01 1.443818986680869898e+01
3.750000000000000000e+01 1.445017734360311223e+01
3.766666666666666430e+01 1.446157822539766258e+01
3.783333333333332860e+01 1.447243781980334454e+01
3.800000000000000000e+01 1.448279688509432006e+01
3.816666666666666430e+01 1.449269219386457763e+01
3.833333333333332860e+01 1.450215701386185962e+01
3.850000000000000000e+01 1.451122151998510290e+01
3.866666666666666430e+01 1.451991314878254968e+01
3.883333333333332860e+01 1.452825690469077102e+01
3.900000000000000000e+01 1.453627562558570219e+01
3.916666666666666430e+01 1.454399021387997948e+01
3.933333333333332860e+01 1.455141983832515251e+01
3.950000000000000000e+01 1.455858211080654030e+01
3.966666666666666430e+01 1.456549324171054849e+01
3.983333333333332860e+01 1.457216817686571275e+01
4.000000000000000000e+01 1.457862071858382258e+01
4.016666666666666430e+01 1.458486363293598664e+01
4.033333333333332860e+01 1.459090874507424473e+01
4.050000000000000000e+01 1.459676702413998761e+01
4.066666666666666430e+01 1.460244865907531064e+01
4.083333333333332860e+01 1.460796312646522388e+01
4.100000000000000000e+01 1.461331925138022747e+01
4.116666666666666430e+01 1.461852526205487024e+01
4.133333333333332860e+01 1.462358883912516738e+01
4.150000000000000000e+01 1.462851716005144986e+01
4.166666666666666430e+01 1.463331693927137955e+01
4.183333333333332860e+01 1.463799446455806930e+01
4.200000000000000000e+01 1.464255562999835547e+01
4.216666666666666430e+01 1.464700596595451287e+01
4.233333333333332860e+01 1.465135066632879912e+01
4.250000000000000000e+01 1.465559461341150715e+01
4.266666666666666430e+01 1.465974240056019795e+01
4.283333333333332860e+01 1.466379835292907252e+01
4.300000000000000000e+01 1.466776654644211675e+01
4.316666666666666430e+01 1.467165082518214270e+01
4.333333333333332860e+01 1.467545481734839008e+01
4.350000000000000000e+01 1.467918194991893266e+01
4.366666666666666430e+01 1.468283546213923785e+01
4.383333333333332860e+01 1.468641841794542557e+01
4.400000000000000000e+01 1.468993371741930076e+01
4.416666666666666430e+01 1.469338410736234124e+01
4.433333333333332860e+01 1.469677219106673682e+01
4.450000000000000000e+01 1.470010043735388550e+01
4.466666666666666430e+01 1.470337118894359918e+01
4.483333333333332860e+01 1.470658667021128352e+01
4.500000000000000000e+01 1.470974899438457228e+01
4.516666666666666430e+01 1.471286017022610793e+01
4.533333333333332860e+01 1.471592210824482727e+01
4.550000000000000000e+01 1.471893662647390322e+01
4.566666666666666430e+01 1.472190545585034194e+01
4.583333333333332860e+01 1.472483024522770378e+01
4.600000000000000000e+01 1.472771256605077994e+01
4.616666666666666430e+01 1.473055391671849890e+01
4.633333333333332860e+01 1.473335572665892990e+01
4.650000000000000000e+01 1.473611936013823431e+01
4.666666666666666430e+01 1.473884611982352766e+01
4.683333333333332860e+01 1.474153725011798599e+01
4.700000000000000000e+01 1.474419394028478791e+01
4.716666666666666430e+01 1.474681732737544948e+01
4.733333333333332860e+01 1.474940849897638984e+01
4.750000000000000000e+01 1.475196849578685665e+01
4.766666666666666430e+01 1.475449831404002765e+01
4.783333333333332860e+01 1.475699890777820933e+01
4.800000000000000000e+01 1.475947119099226512e+01
4.816666666666666430e+01 1.476191603963453503e+01
4.833333333333332860e+01 1.476433429351386017e+01
4.850000000000000000e+01 1.476672675808053725e+01
4.866666666666666430e+01 1.476909420610867407e+01
4.883333333333332860e+01 1.477143737928252953e+01
4.900000000000000000e+01 1.477375698969326834e+01
4.916666666666666430e+01 1.477605372125184857e+01
4.933333333333332860e+01 1.477832823102335347e+01
4.950000000000000000e+01 1.478058115048797916e+01
4.966666666666666430e+01 1.478281308673300920e+01
4.983333333333332860e+01 1.478502462358034819e+01
5.000000000000000000e+01 1.478721632265340524e+01
5.016666666666666430e+01 1.478938872438721575e+01
5.033333333333332860e+01 1.479154234898512499e+01
5.050000000000000000e+01 1.479367769732533056e+01
5.066666666666666430e+01 1.479579525182030153e+01
5.083333333333332860e+01 1.479789547723179233e+01
5.100000000000000000e+01 1.479997882144414589e+01
5.116666666666666430e+01 1.480204571619832521e+01
5.133333333333332860e+01 1.480409657778886334e+01
5.150000000000000000e+01 1.480613180772598803e+01
5.166666666666666430e+01 1.480815179336481613e+01
5.183333333333332860e+01 1.481015690850349742e+01
5.200000000000000000e+01 1.481214751395213014e+01
5.216666666666666430e+01 1.481412395807396365e+01
5.233333333333332860e+01 1.481608657730051348e+01
5.250000000000000000e+01 1.481803569662198328e+01
5.266666666666666430e+01 1.481997163005435780e+01
5.283333333333332860e+01 1.482189468108440167e+01
5.300000000000000000e+01 1.482380514309380359e+01
5.316666666666666430e+01 1.482570329976353563e+01
5.333333333333332860e+01 1.482758942545948777e+01
5.350000000000000000e+01 1.482946378560038703e+01
5.366666666666666430e+01 1.483132663700889609e+01
5.383333333333332860e+01 1.483317822824677812e+01
5.400000000000000000e+01 1.483501879993497319e+01
5.416666666666666430e+01 1.483684858505931814e+01
5.433333333333332860e+01 1.483866780926266671e+01
5.450000000000000000e+01 1.484047669112407242e+01
5.466666666666666430e+01 1.484227544242576613e+01
5.483333333333332860e+01 1.484406426840839899e+01
5.500000000000000000e+01 1.484584336801526661e+01
5.516666666666666430e+01 1.484761293412595506e+01
5.533333333333332860e+01 1.484937315378003042e+01
5.550000000000000000e+01 1.485112420839113589e+01
5.566666666666666430e+01 1.485286627395205983e+01
5.583333333333332860e+01 1.485459952123117411e+01
5.600000000000000000e+01 1.485632411596061431e+01
5.616666666666666430e+01 1.485804021901671490e+01
5.633333333333332860e+01 1.485974798659284701e+01
5.650000000000000000e+01 1.486144757036529285e+01
5.666666666666666430e+01 1.486313911765225626e+01
5.683333333333332860e+01 1.486482277156643050e+01
5.700000000000000000e+01 1.486649867116139312e+01
5.716666666666666430e+01 1.486816695157214596e+01
5.733333333333332860e+01 1.486982774414997976e+01
5.750000000000000000e+01 1.487148117659204161e+01
5.766666666666666430e+01 1.487312737306574562e+01
5.783333333333332860e+01 1.487476645432831290e+01
5.800000000000000000e+01 1.487639853784162192e+01
5.816666666666666430e+01 1.487802373788258414e+01
5.833333333333332860e+01 1.487964216564928677e+01
5.850000000000000000e+01 1.488125392936303015e+01
5.866666666666666430e+01 1.488285913436642716e+01
5.883333333333332860e+01 1.488445788321786090e+01
5.900000000000000000e+01 1.488605027578225837e+01
5.916666666666666430e+01 1.488763640931851029e+01
5.933333333333332860e+01 1.488921637856359936e+01
5.950000000000000000e+01 1.489079027581360215e+01
5.966666666666666430e+01 1.489235819100162850e+01
5.983333333333332860e+01 1.489392021177298453e+01
6.000000000000000000e+01 1.489547642355748991e+01
6.016666666666666430e+01 1.489702690963918741e+01
6.033333333333332860e+01 1.489857175122351052e+01
6.050000000000000000e+01 1.490011102750205652e+01
6.066666666666666430e+01 1.490164112317870249e+01
6.083333333333332860e+01 1.490316949867475316e+01
6.100000000000000000e+01 1.490469253496701363e+01
6.116666666666666430e+01 1.490620661125849189e+01
6.133333333333332860e+01 1.490771918264242579e+01
6.150000000000000000e+01 1.490922662492225115e+01
6.166666666666666430e+01 1.491072900482086183e+01
6.183333333333332860e+01 1.491222638748873841e+01
6.200000000000000000e+01 1.491371883655081554e+01
6.216666666666666430e+01 1.491521010669214142e+01
6.233333333333332860e+01 1.491669287353973772e+01
6.250000000000000000e+01 1.491817088894750754e+01
6.266666666666666430e+01 1.491964421087514836e+01
6.283333333333332860e+01 1.492111289596800461e+01
6.300000000000000000e+01 1.492257699959508699e+01
6.316666666666666430e+01 1.492403657588583066e+01
6.333333333333332860e+01 1.492549167776562591e+01
6.350000000000000000e+01 1.492694235699019778e+01
6.366666666666666430e+01 1.492838866417880084e+01
6.383333333333332860e+01 1.492983064884632505e+01
6.400000000000000000e+01 1.493126835943439623e+01
6.416666666666665719e+01 1.493270184334140005e+01
6.433333333333332860e+01 1.493413114695156807e+01
6.450000000000000000e+01 1.493555631566310637e+01
6.466666666666665719e+01 1.493697739391541290e+01
6.483333333333332860e+01 1.493839442521544214e+01
6.500000000000000000e+01 1.493980745216319406e+01
6.516666666666665719e+01 1.494121651647641968e+01
6.533333333333332860e+01 1.494262165901455219e+01
6.550000000000000000e+01 1.494402291980181374e+01
6.566666666666665719e+01 1.494542033804969527e+01
6.583333333333332860e+01 1.494681395217865827e+01
6.600000000000000000e+01 1.494820379983917924e+01
6.616666666666665719e+01 1.494958991793217962e+01
6.633333333333332860e+01 1.495097234262874153e+01
6.650000000000000000e+01 1.495235110938929424e+01
6.666666666666665719e+01 1.495372625298218772e+01
6.683333333333332860e+01 1.495509780750167117e+01
6.700000000000000000e+01 1.495646580638537415e+01
6.716666666666665719e+01 1.495783028243120327e+01
6.733333333333332860e+01 1.495919126781378594e+01
6.750000000000000000e+01 1.496054879410036165e+01
6.766666666666665719e+01 1.496190289226625580e+01
6.783333333333332860e+01 1.496325359270983668e+01
6.800000000000000000e+01 1.496460092526707264e+01
6.816666666666665719e+01 1.496594491922563819e+01
6.833333333333332860e+01 1.496728560333860614e+01
6.850000000000000000e+01 1.496862300583772587e+01
6.866666666666665719e+01 1.496995900071446073e+01
6.883333333333332860e+01 1.497128992266005731e+01
6.900000000000000000e+01 1.497261764468764156e+01
6.916666666666665719e+01 1.497394219306650598e+01
6.933333333333332860e+01 1.497526359360933412e+01
6.950000000000000000e+01 1.497658187167824018e+01
6.966666666666665719e+01 1.497789705219686951e+01
6.983333333333332860e+01 1.497920915966091115e+01
7.000000000000000000e+01 1.498051821814834739e+01
7.016666666666665719e+01 1.498182425132933560e+01
7.033333333333332860e+01 1.498312728247589121e+01
7.050000000000000000e+01 1.498442733447126507e+01
7.066666666666665719e+01 1.498572442981904729e+01
7.083333333333332860e+01 1.498701859065203479e+01
7.100000000000000000e+01 1.498830983874088574e+01
7.116666666666665719e+01 1.498959819550243466e+01
7.133333333333332860e+01 1.499088368200790455e+01
7.150000000000000000e+01 1.499216631899079921e+01
7.166666666666665719e+01 1.499344612685462863e+01
7.183333333333332860e+01 1.499472312568039101e+01
7.200000000000000000e+01 1.499599733523391620e+01
7.216666666666665719e+01 1.499726877497288591e+01
7.233333333333332860e+01 1.499853746405383070e+01
7.250000000000000000e+01 1.499980342133880740e+01
7.266666666666665719e+01 1.500106666540192535e+01
7.283333333333332860e+01 1.500232721453579288e+01
7.300000000000000000e+01 1.500358508675761726e+01
7.316666666666665719e+01 1.500484029981531187e+01
7.333333333333332860e+01 1.500609287119337765e+01
7.350000000000000000e+01 1.500734281811856974e+01
7.366666666666665719e+01 1.500859015756554626e+01
7.383333333333332860e+01 1.500983490626222405e+01
7.400000000000000000e+01 1.501107708069513791e+01
7.416666666666665719e+01 1.501231669711452810e+01
7.433333333333332860e+01 1.501355377153942605e+01
7.450000000000000000e+01 1.501478831976247896e+01
7.466666666666665719e+01 1.501602035735474949e+01
7.483333333333332860e+01 1.501724989967037160e+01
7.500000000000000000e+01 1.501847696185105008e+01
7.516666666666665719e+01 1.501970155883046942e+01
7.533333333333332860e+01 1.502092370533863175e+01
7.550000000000000000e+01 1.502214341590600810e+01
7.566666666666665719e+01 1.502336070486763120e+01
7.583333333333332860e+01 1.502457558636712420e+01
7.600000000000000000e+01 1.502578807436051278e+01
7.616666666666665719e+01 1.502699818262007270e+01
7.633333333333332860e+01 1.502820592473801042e+01
7.650000000000000000e+01 1.502941131413005138e+01
7.666666666666665719e+01 1.503061436403898554e+01
7.683333333333332860e+01 1.503181508753806384e+01
7.700000000000000000e+01 1.503301349753438920e+01
7.716666666666665719e+01 1.503420960677212825e+01
7.733333333333332860e+01 1.503540342783574957e+01
7.750000000000000000e+01 1.503659497315310034e+01
7.766666666666665719e+01 1.503778425499844396e+01
7.783333333333332860e+01 1.503897128549545315e+01
7.800000000000000000e+01 1.504015607662006460e+01
7.816666666666665719e+01 1.504133864020331934e+01
7.833333333333332860e+01 1.504251898793410369e+01
7.850000000000000000e+01 1.504369713136189901e+01
7.866666666666665719e+01 1.504487308189931127e+01
7.883333333333332860e+01 1.504604685082472315e+01
7.900000000000000000e+01 1.504721844928475072e+01
7.916666666666665719e+01 1.504838788829673035e+01
7.933333333333332860e+01 1.504955517875107063e+01
7.950000000000000000e+01 1.505072033141361132e+01
7.966666666666665719e+01 1.505188335692789359e+01
7.983333333333332860e+01 1.505304426581741950e+01
8.000000000000000000e+01 1.505420306848778367e+01
8.016666666666665719e+01 1.505535977522882796e+01
8.033333333333332860e+01 1.505651439621674470e+01
8.050000000000000000e+01 1.505766694151605023e+01
8.066666666666665719e+01 1.505881742108165611e+01
8.083333333333332860e+01 1.505996584476070765e+01
8.100000000000000000e+01 1.506111222229458591e+01
8.116666666666665719e+01 1.506225656332069107e+01
8.133333333333332860e+01 1.506339887737429706e+01
8.150000000000000000e+01 1.506453917389031361e+01
8.166666666666665719e+01 1.506567746220502357e+01
8.183333333333332860e+01 1.506681375155778113e+01
8.200000000000000000e+01 1.506794805109266377e+01
8.216666666666665719e+01 1.506908036986011723e+01
8.233333333333332860e+01 1.507021071681852753e+01
8.250000000000000000e+01 1.507133910083577533e+01
8.266666666666665719e+01 1.507246553069076356e+01
8.283333333333332860e+01 1.507359001507489005e+01
8.300000000000000000e+01 1.507471256259353254e+01
8.316666666666665719e+01 1.507583318176745024e+01
8.333333333333332860e+01 1.507695188103416584e+01
8.350000000000000000e+01 1.507806866874936702e+01
8.366666666666665719e+01 1.507918355318821924e+01
8.383333333333332860e+01 1.508029654254666241e+01
8.400000000000000000e+01 1.508140764494270414e+01
8.416666666666665719e+01 1.508251686841769335e+01
8.433333333333332860e+01 1.508362422093750155e+01
8.450000000000000000e+01 1.508472971039374855e+01
8.466666666666665719e+01 1.508583334460498193e+01
8.483333333333332860e+01 1.508693513131782282e+01
8.500000000000000000e+01 1.508803507820810808e+01
8.516666666666665719e+01 1.508913688542233800e+01
8.533333333333332860e+01 1.509023317541727494e+01
8.550000000000000000e+01 1.509132764820324901e+01
8.566666666666665719e+01 1.509242031118372296e+01
8.583333333333332860e+01 1.509351117169664924e+01
8.600000000000000000e+01 1.509460023701547726e+01
8.616666666666665719e+01 1.509568382180969337e+01
8.633333333333332860e+01 1.509676931830755819e+01
8.650000000000000000e+01 1.509785304105434811e+01
8.666666666666665719e+01 1.509893499707510145e+01
8.683333333333332860e+01 1.510001519333503950e+01
8.700000000000000000e+01 1.510109363674044225e+01
8.716666666666665719e+01 1.510217033413953658e+01
8.733333333333332860e+01 1.510324529232335777e+01
8.750000000000000000e+01 1.510431851802652403e+01
8.766666666666665719e+01 1.510539001792811753e+01
8.783333333333332860e+01 1.510645979865245003e+01
8.800000000000000000e+01 1.510752786676983561e+01
8.816666666666665719e+01 1.510859422879740421e+01
8.833333333333332860e+01 1.510965889119980687e+01
8.850000000000000000e+01 1.511072186038998666e+01
8.866666666666665719e+01 1.511178314272989276e+01
8.883333333333332860e+01 1.511284274453119281e+01
8.900000000000000000e+01 1.511390067205597454e+01
8.916666666666665719e+01 1.511495693151743680e+01
8.933333333333332860e+01 1.511601152908053969e+01
8.950000000000000000e+01 1.511706447086269023e+01
8.966666666666665719e+01 1.511811576293437298e+01
8.983333333333332860e+01 1.511916541131978420e+01
9.000000000000000000e+01 1.512021342199748375e+01
9.016666666666665719e+01 1.512125980090095112e+01
9.033333333333332860e+01 1.512230455391924622e+01
9.050000000000000000e+01 1.512334768689756004e+01
9.066666666666665719e+01 1.512438920563780442e+01
9.083333333333332860e+01 1.512542911589918759e+01
9.100000000000000000e+01 1.512646742339875772e+01
9.116666666666665719e+01 1.512750413381196601e+01
9.133333333333332860e+01 1.512853925277318190e+01
9.150000000000000000e+01 1.512957278587625964e+01
9.166666666666665719e+01 1.513060473867500733e+01
9.183333333333332860e+01 1.513163511668373751e+01
9.200000000000000000e+01 1.513266392537774863e+01
9.216666666666665719e+01 1.513369117019382415e+01
9.233333333333332860e+01 1.513471685653069265e+01
9.250000000000000000e+01 1.513574098974953941e+01
9.266666666666665719e+01 1.513676357517444870e+01
9.283333333333332860e+01 1.513778461809286568e+01
9.300000000000000000e+01 1.513880412375603868e+01
9.316666666666665719e+01 1.513982025110928831e+01
9.333333333333332860e+01 1.514083669787317987e+01
9.350000000000000000e+01 1.514185162292285014e+01
9.366666666666665719e+01 1.514286503136912643e+01
9.383333333333332860e+01 1.514387692828881171e+01
9.400000000000000000e+01 1.514488731872503280e+01
9.416666666666665719e+01 1.514589805395790734e+01
9.433333333333332860e+01 1.514690544642402870e+01
9.450000000000000000e+01 1.514791134733816236e+01
9.466666666666665719e+01 1.514891576161278053e+01
9.483333333333332860e+01 1.514991869412862258e+01
9.500000000000000000e+01 1.515092014973506807e+01
9.516666666666665719e+01 1.515192013325050446e+01
9.533333333333332860e+01 1.515291864946268241e+01
9.550000000000000000e+01 1.515391570312905323e+01
9.566666666666665719e+01 1.515491129897710643e+01
9.583333333333332860e+01 1.515590544170474629e+01
9.600000000000000000e+01 1.515689813598054236e+01
9.616666666666665719e+01 1.515788938644417527e+01
9.633333333333332860e+01 1.515887919770663927e+01
9.650000000000000000e+01 1.515986757435060994e+01
9.666666666666665719e+01 1.516085452093078523e+01
9.683333333333332860e+01 1.516184004197411994e+01
9.700000000000000000e+01 1.516282414198019524e+01
9.716666666666665719e+01 1.516380682542147085e+01
9.733333333333332860e+01 1.516478809674357819e+01
9.750000000000000000e+01 1.516576796036564900e+01
9.766666666666665719e+01 1.516674642068053025e+01
9.783333333333332860e+01 1.516772348205512877e+01
9.800000000000000000e+01 1.516869914883063686e+01
9.816666666666665719e+01 1.516967342532283780e+01
9.833333333333332860e+01 1.517064631582232792e+01
9.850000000000000000e+01 1.517161782459481678e+01
9.866666666666665719e+01 1.517258795588136877e+01
9.883333333333332860e+01 1.517355671389865179e+01
9.900000000000000000e+01 1.517452410283918951e+01
9.916666666666665719e+01 1.517549012687162069e+01
9.933333333333332860e+01 1.517645479014091414e+01
9.950000000000000000e+01 1.517741809676863340e+01
9.966666666666665719e+01 1.517838005085315345e+01
9.983333333333332860e+01 1.517934065646988628e+01
