1.000000000000000000e+04
-1.818989403545856476e-12
-1.818989403545856476e-12
-1.818989403545856476e-12
-1.866666666666666788e+04
-1.000000000000000182e+04
-1.866666666666666788e+04
-1.818989403545856476e-12
1.000000000000000000e+04
-8.666666666666667879e+03
-1.000000000000000182e+04
-1.000000000000000182e+04
-1.818989403545856476e-12
-8.666666666666667879e+03
-1.818989403545856476e-12
1.866666666666666424e+04
0.000000000000000000e+00
-1.866666666666666788e+04
1.000000000000000000e+04
8.666666666666666060e+03
1.866666666666666424e+04
-8.666666666666667879e+03
1.000000000000000000e+04
1.866666666666666424e+04
1.000000000000000000e+04
8.666666666666666060e+03
-1.866666666666666788e+04
8.666666666666666060e+03
-1.818989403545856476e-12
1.866666666666666424e+04
-1.818989403545856476e-12
8.666666666666666060e+03
0.000000000000000000e+00
0.000000000000000000e+00
1.866666666666666424e+04
-8.666666666666667879e+03
-1.000000000000000182e+04
-1.818989403545856476e-12
1.866666666666666424e+04
-1.818989403545856476e-12
0.000000000000000000e+00
0.000000000000000000e+00
1.000000000000000000e+04
-1.866666666666666788e+04
-1.818989403545856476e-12
8.666666666666666060e+03
-1.000000000000000182e+04
8.666666666666666060e+03
