0                         3.6970897597948984E-9
1                         1.2014223151379055
2                         1.9508899901564332
3                         2.4594552898505886
4                         2.8436059847445283
5                         3.152286968767696
6                         3.4103446909886284
7                         3.63208693842435
8                         3.8265014870204745
9                         3.9996030732008045
10                        4.15561501797295
11                        4.297616823130943
12                        4.427923312121501
13                        4.548318641397053
14                        4.660207117117382
15                        4.7647139622433325
16                        4.862754730563287
17                        4.955084392049424
18                        5.042332840878917
19                        5.125031098175192
20                        5.203630991060476
21                        5.278520165323202
22                        5.350033699880746
23                        5.418463206438609
24                        5.484064040878454
25                        5.547061078004627
26                        5.607653380060552
27                        5.6660180040116845
28                        5.7223131315330535
29                        5.776680661364408
30                        5.82924837120777
31                        5.880131732211515
32                        5.929435440967811
33                        5.977254720224505
34                        6.023676428993354
35                        6.068780014629709
36                        6.112638333136503
37                        6.155318358999691
38                        6.196881801940924
39                        6.23738564486448
40                        6.276882614787145
41                        6.3154215965240486
42                        6.353047997289351
43                        6.389804069036251
44                        6.42572919428563
45                        6.460860140296391
46                        6.495231285693715
47                        6.528874823063438
48                        6.561820940508015
49                        6.594097984731622
50                        6.625732607866439
51                        6.656749899946592
52                        6.6871735086812
53                        6.717025747962687
54                        6.74632769635466
55                        6.77509928665468
56                        6.8033593874805325
57                        6.831125877721209
58                        6.858415714586865
59                        6.885244995908734
60                        6.911629017260731
61                        6.937582324410898
62                        6.963118761556095
63                        6.988251515737017
64                        7.012993157793816
65                        7.037355680177969
66                        7.061350531907622
67                        7.084988650921911
68                        7.108280494061667
69                        7.131236064882154
70                        7.15386493948563
71                        7.1761762905385025
72                        7.198178909624841
73                        7.219881228072539
74                        7.241291336375031
75                        7.262417002323455
76                        7.2832656879456215
77                        7.30384456535047
78                        7.324160531557368
79                        7.34422022239045
80                        7.36403002550555
81                        7.38359609261487
82                        7.402924350968272
83                        7.422020514144641
84                        7.440890092202272
85                        7.45953840123302
86                        7.477970572362743
87                        7.496191560235092
88                        7.514206151015341
89                        7.532018969944055
90                        7.549634488473163
91                        7.567057031010509
92                        7.58429078129845
93                        7.601339788449849
94                        7.618207972665094
95                        7.634899130646847
96                        7.651416940735109
97                        7.667764967777352
98                        7.68394666775025
99                        7.699965392149653
100                       7.715824392160231
101                       7.7315268226200065
102                       7.747075745790875
103                       7.762474134945737
104                       7.777724877783725
105                       7.792830779684544
106                       7.807794566807198
107                       7.822618889045718
108                       7.837306322848791
109                       7.851859373908651
110                       7.8662804797285535
111                       7.880572012076489
112                       7.894736279327225
113                       7.908775528701328
114                       7.922691948408291
115                       7.936487669694119
116                       7.950164768801192
117                       7.963725268845898
118                       7.977171141616101
119                       7.990504309292919
120                       8.003726646101205
121                       8.016839979891461
122                       8.029846093658234
123                       8.042746726995272
124                       8.055543577494124
125                       8.06823830208441
126                       8.080832518323158
127                       8.093327805632148
128                       8.105725706487586
129                       8.11802772756409
130                       8.130235340833748
131                       8.1423499846241
132                       8.154373064635541
133                       8.16630595492145
134                       8.178149998831039
135                       8.189906509916689
136                       8.201576772809492
137                       8.213162044063
138                       8.224663552963719
139                       8.236082502316503
140                       8.247420069198146
141                       8.258677405687491
142                       8.269855639567403
143                       8.280955875003475
144                       8.291979193199197
145                       8.302926653027479
146                       8.313799291643432
147                       8.324598125071896
148                       8.335324148779156
149                       8.345978338224059
150                       8.356561649389514
151                       8.367075019298243
152                       8.377519366511113
153                       8.387895591608896
154                       8.398204577658301
155                       8.408447190663633
156                       8.418624280003236
157                       8.428736678852323
158                       8.438785204593353
159                       8.448770659211595
160                       8.458693829680149
161                       8.468555488332544
162                       8.478356393222944
163                       8.488097288476224
164                       8.497778904627515
165                       8.507401958951888
166                       8.51696715578089
167                       8.526475186814567
168                       8.535926731421183
169                       8.545322456928012
170                       8.554663018904588
171                       8.563949061437246
172                       8.573181217396472
173                       8.582360108694472
174                       8.591486346538163
175                       8.600560531672675
176                       8.60958325461856
177                       8.618555095903712
178                       8.627476626286088
179                       8.636348406972692
180                       8.645170989831206
181                       8.653944917596606
182                       8.66267072407029
183                       8.671348934316905
184                       8.679980064852193
185                       8.688564623828837
186                       8.697103111215425
187                       8.70559601897157
188                       8.714043831218184
189                       8.722447024403031
190                       8.730806067461323
191                       8.739121421973975
192                       8.747393542320346
193                       8.755622875826429
194                       8.763809862911145
195                       8.771954937227264
196                       8.780058525799834
197                       8.788121049159177
198                       8.796142921474296
199                       8.804124550678106
200                       8.812066338593647
