0                         6.0629415713719855E-5
5                         6.688402976925937
10                        7.355119752637271
15                        7.780502136453372
20                        8.09990677666719
25                        8.35786391220443
30                        8.575172074590222
35                        8.763394855048782
40                        8.92968273252766
45                        9.07878972730532
50                        9.214048201895974
55                        9.337890305757337
60                        9.45214877133065
65                        9.55824090332149
70                        9.657286531889605
75                        9.750186602091253
80                        9.837677251409252
85                        9.920368053481585
90                        9.998769708937497
95                        10.073314510545908
100                       10.144371742959935
105                       10.212259457073289
110                       10.277253601443459
115                       10.339595195034777
120                       10.399496026745556
125                       10.457143231944361
130                       10.512703002503587
135                       10.566323620764631
140                       10.618137960636005
145                       10.668265564734414
150                       10.716814381285516
155                       10.763882225779684
160                       10.80955801830315
165                       10.853922836763209
170                       10.89705081804442
175                       10.939009932787206
180                       10.979862654553589
185                       11.019666540240094
190                       11.058474735553926
195                       11.096336416900138
200                       11.133297179078431
205                       11.169399376585467
210                       11.204682425068292
215                       11.239183068377235
220                       11.27293561585842
225                       11.305972153777976
230                       11.338322734200874
235                       11.370015544162287
240                       11.401077057547065
245                       11.431532171768746
250                       11.46140433103919
255                       11.490715637780099
260                       11.519486953527
265                       11.547737990490637
270                       11.575487394801929
275                       11.602752822331052
280                       11.629551007862496
285                       11.655897828318125
290                       11.681808360627885
295                       11.70729693479065
300                       11.73237718259275
305                       11.75706208240856
310                       11.781364000455289
315                       11.805294728829141
320                       11.828865520629831
325                       11.852087122430518
330                       11.874969804330583
335                       11.897523387808219
340                       11.91975727156208
345                       11.941680455512865
350                       11.963301563121426
355                       11.984628862163087
360                       12.005670284088565
365                       12.02643344207375
370                       12.046925647880554
375                       12.067153927608139
380                       12.087125036427922
385                       12.106845472377351
390                       12.126321489285305
395                       12.145559108894814
400                       12.164564132236299
405                       12.183342150321012
410                       12.201898554180614
415                       12.220238544321848
420                       12.238367139624597
425                       12.256289185723233
430                       12.274009362915402
435                       12.291532193615645
440                       12.308862049398602
445                       12.326003157650952
450                       12.34295960785998
455                       12.35973535756062
460                       12.376334237969301
465                       12.392759959315015
470                       12.409016115893888
475                       12.42510619086167
480                       12.441033560779912
485                       12.456801499930968
490                       12.472413184421553
495                       12.487871696073537
500                       12.5031800261305
