0                         0.0024571882161741007
1                         3.4972821841869157
2                         4.4021048496979605
3                         4.9690800641376
4                         5.383904977135535
5                         5.7115137525708155
6                         5.982427152925846
7                         6.213476349331922
8                         6.414943017097613
9                         6.593574254038297
10                        6.754039221078934
11                        6.899704474126667
12                        7.033078065789717
13                        7.156079022137955
14                        7.270208660379144
15                        7.376663777800224
16                        7.4764138955042645
17                        7.570255447700592
18                        7.658850714667465
19                        7.742756382560386
20                        7.822444881047898
21                        7.898320586290003
22                        7.970732304796682
23                        8.039983018207607
24                        8.106337580264187
25                        8.170028861820995
26                        8.231262705059114
27                        8.29022195360941
28                        8.347069758094277
29                        8.401952308059393
30                        8.455001105794581
31                        8.506334871269354
32                        8.556061147778907
33                        8.604277663027165
34                        8.651073489044004
35                        8.696530035605454
36                        8.740721905043703
37                        8.783717631041963
38                        8.825580319806988
39                        8.866368208703758
40                        8.90613515480512
41                        8.944931063624594
42                        8.982802266640206
43                        9.01979185476308
44                        9.055939973786181
45                        9.091284086909072
46                        9.125859208625371
47                        9.159698113669073
48                        9.192831524124754
49                        9.22528827739527
50                        9.257095477329154
51                        9.288278630486765
52                        9.318861769280572
53                        9.348867563463463
54                        9.378317421271186
55                        9.407231581350713
56                        9.435629196461859
57                        9.463528409819917
58                        9.490946424845625
59                        9.517899568987158
60                        9.544403352222357
61                        9.570472520743762
62                        9.59612110632186
63                        9.621362471726444
64                        9.646209352608931
65                        9.67067389614598
66                        9.694767696754758
67                        9.718501829141822
68                        9.741886878914203
69                        9.764932970969436
70                        9.787649795852557
71                        9.810046634261685
72                        9.832132379840273
73                        9.853915560413682
74                        9.875404357782871
75                        9.896606626200253
76                        9.917529909628088
77                        9.938181457874075
78                        9.958568241691033
79                        9.978696966922781
80                        9.998574087758216
81                        10.018205819174634
82                        10.037598148614352
83                        10.056756846961395
84                        10.075687478864054
85                        10.094395412445353
86                        10.112885828454461
87                        10.131163728886424
88                        10.14923394511545
89                        10.167101145568784
90                        10.18476984297195
91                        10.202244401202911
92                        10.219529041761943
93                        10.236627849906785
94                        10.253544780447175
95                        10.270283663246447
96                        10.286848208429245
97                        10.303242011320966
98                        10.319468557138938
99                        10.33553122544078
100                       10.351433294357506
101                       10.367177944609143
102                       10.382768263328385
103                       10.398207247697792
104                       10.413497808408941
105                       10.428642772963448
106                       10.443644888808219
107                       10.458506826333787
108                       10.473231181728725
109                       10.4878204797039
110                       10.502277176091107
111                       10.516603660330194
112                       10.53080225783736
113                       10.544875232275952
114                       10.558824787719812
115                       10.57265307073385
116                       10.586362172348663
117                       10.599954129967491
118                       10.61343092918301
119                       10.626794505516441
120                       10.640046746091986
121                       10.6531894912322
122                       10.6662245359982
123                       10.679153631657586
124                       10.691978487102585
125                       10.704700770200247
126                       10.717322109100914
127                       10.729844093487452
128                       10.742268275775558
129                       10.754596172274045
130                       10.766829264292415
131                       10.778968999212353
132                       10.791016791514583
133                       10.802974023769323
134                       10.81484204758972
135                       10.826622184547182
136                       10.83831572705767
137                       10.849923939231847
138                       10.861448057695911
139                       10.872889292383892
140                       10.884248827298178
141                       10.895527821246926
142                       10.906727408554866
143                       10.917848699745642
144                       10.928892782204585
145                       10.939860720817709
146                       10.95075355858771
147                       10.961572317228525
148                       10.972317997743382
149                       10.982991580978519
150                       10.993594028161418
151                       11.004126281420927
152                       11.01458926428993
153                       11.024983882191451
154                       11.03531102291012
155                       11.04557155704525
156                       11.055766338453587
157                       11.065896204673763
158                       11.075961977343596
159                       11.085964462595369
160                       11.095904451446376
161                       11.105782720173371
162                       11.115600030678424
163                       11.125357130836841
164                       11.135054754847879
165                       11.144693623557664
166                       11.154274444783955
167                       11.163797913632058
168                       11.173264712792124
169                       11.182675512835992
170                       11.192030972501172
171                       11.201331738968406
172                       11.210578448131272
173                       11.219771724853537
174                       11.228912183227353
175                       11.23800042681837
176                       11.24703704890245
177                       11.256022632699386
178                       11.264957751600782
179                       11.27384296938784
180                       11.2826788404461
181                       11.291465909970528
182                       11.30020471417176
183                       11.308895780468857
184                       11.317539627682278
185                       11.326136766218173
186                       11.334687698252493
187                       11.343192917902439
188                       11.351652911402708
189                       11.360068157270145
190                       11.368439126463793
191                       11.376766282548653
192                       11.38505008184516
193                       11.393290973580763
194                       11.401489400036038
195                       11.409645796688732
196                       11.41776059235093
197                       11.425834209303254
198                       11.433867063430514
199                       11.441859564347437
200                       11.449812115523708
