0                         10.000000000000034
3600                      9.999999999666677
7200                      9.999999999375765
10800                     9.999999999222062
14400                     9.99999999906889
18000                     9.999999998930933
21600                     9.999998868816776
25200                     8.445010647990436
28800                     7.528678489015608
32400                     6.922813769652403
36000                     6.469452545414379
39600                     6.110646611395373
43200                     5.811815987756326
46800                     5.5550780849804555
50400                     5.329967937027393
54000                     5.129734580908803
57600                     4.949448398145777
61200                     4.785646859699752
64800                     4.635568426733764
68400                     4.496956131970238
72000                     4.3680943396227105
75600                     4.247745399183072
79200                     4.134924298668578
82800                     4.028735283933672
86400                     3.928374219514519
90000                     3.8332189826496457
93600                     3.7427814339394954
97200                     3.6566409708218104
100800                    3.5743585228321595
104400                    3.495611761491861
108000                    3.4201273815806843
111600                    3.3476499681976977
115200                    3.2779762797622043
118800                    3.2108955977259748
122400                    3.146202218276932
126000                    3.083726362860048
129600                    3.0233134608177985
133200                    2.964829396963249
136800                    2.9081534202906583
140400                    2.8531799067049457
144000                    2.799810133760252
147600                    2.747955293813924
151200                    2.6975311098383816
154800                    2.648461321701828
158400                    2.6006743685911733
162000                    2.5541054109494206
165600                    2.508693686754943
169200                    2.4643836186198795
172800                    2.421122951373259
176400                    2.3788635146500594
180000                    2.3375599725428335
183600                    2.2971703277108575
187200                    2.257655026581993
190800                    2.2189772597590043
194400                    2.1811025919708293
198000                    2.143998717699846
201600                    2.107634554567771
205200                    2.0719813183211504
208800                    2.037011748123195
212400                    2.0027000633036502
216000                    1.9690218844720395
219600                    1.9359547250188192
223200                    1.9034767497979266
226800                    1.8715677190400297
230400                    1.8402079352664595
234000                    1.8093791549695577
237600                    1.7790637143735488
241200                    1.7492447307186405
244800                    1.7199062612224179
248400                    1.691033091926068
252000                    1.6626107573548066
255600                    1.6346254531557214
259200                    1.6070640035244497
262800                    1.5799138171135456
266400                    1.5531627939296575
270000                    1.5267993544575613
273600                    1.5008126007477658
277200                    1.4751919160047384
280800                    1.4499272786092503
284400                    1.4250089084737163
288000                    1.4004275366937788
291600                    1.3761742014282357
295200                    1.352240362831777
298800                    1.3286176685503774
302400                    1.3052981755599307
306000                    1.2822742155084996
309600                    1.2595384277901025
313200                    1.2370836896438795
316800                    1.2149031403585613
320400                    1.192990257814946
324000                    1.1713386646701947
327600                    1.1499422843490839
331200                    1.1287951677983739
334800                    1.1078916287046643
338400                    1.0872261431083983
342000                    1.0667934084435289
345600                    1.0465882231699328
349200                    1.0266056029607178
352800                    1.0068407118985685
356400                    0.9872888808183232
360000                    0.9679455873141591
363600                    0.948806452608171
367200                    0.9298672185033834
370800                    0.9111237578077747
374400                    0.8925721152906013
378000                    0.8742084109783392
381600                    0.8560289203975671
385200                    0.8380299867613531
388800                    0.8202081037287727
392400                    0.8025598361898072
396000                    0.7850818356293925
399600                    0.7677708636828927
403200                    0.7506237695552633
406800                    0.7336374950227185
410400                    0.7168090663246697
414000                    0.7001355917323562
417600                    0.6836142490997578
421200                    0.6672422920038213
424800                    0.6510170740384883
428400                    0.6349359933152576
432000                    0.6189965392774286
435600                    0.603196241723572
439200                    0.5875327198885981
442800                    0.5720036357541672
446400                    0.5566067029664551
450000                    0.5413397018620792
453600                    0.5262004656928447
457200                    0.5111868839767388
460800                    0.4962968977969099
464400                    0.4815284986257762
468000                    0.4668797262602958
471600                    0.45234866737797813
475200                    0.4379334489486957
478800                    0.4236322419270436
482400                    0.4094432753947692
486000                    0.39536480484227077
489600                    0.38139513934961417
493200                    0.36753261217585304
496800                    0.35377560470753616
500400                    0.34012252945486765
504000                    0.32657184080827917
507600                    0.31312201347718865
511200                    0.29977156433504926
514800                    0.28651904012642615
518400                    0.2733630211391068
522000                    0.2603021179757596
525600                    0.247334971191059
529200                    0.2344602469811706
532800                    0.22167663938196108
536400                    0.20898287982588282
540000                    0.196377716258776
543600                    0.18385993155221056
547200                    0.17142832397069943
550800                    0.15908172640185203
554400                    0.14681898809470922
558000                    0.13463897856404458
561600                    0.12254059349388008
565200                    0.11052274960975841
568800                    0.09858438346748945
572400                    0.08672445227173278
576000                    0.07494194119802555
579600                    0.06323584749681221
583200                    0.05160519474310773
586800                    0.0400490177284587
590400                    0.028566377129617442
594000                    0.01715634599569276
597600                    0.005818012505571215
601200                    -0.0054495155046030055
604800                    -0.01664711434142152
608400                    -0.027775643440687288
612000                    -0.03883594828974719
615600                    -0.04982885901534758
619200                    -0.060755185637748975
622800                    -0.07161572863546381
626400                    -0.08241126938197828
630000                    -0.09314258049736665
633600                    -0.10381041739494022
637200                    -0.11441552411116934
640800                    -0.12495862945373103
644400                    -0.13544045447174577
648000                    -0.1458617047468676
651600                    -0.15622307470237826
655200                    -0.1665252463324514
658800                    -0.17676889126104037
662400                    -0.18695466992105655
666000                    -0.19708322764441488
669600                    -0.20715520299320433
673200                    -0.21717122004933834
676800                    -0.22713189680192486
680400                    -0.23703783807720685
684000                    -0.24688964048864068
687600                    -0.2566878889842859
691200                    -0.2664331629906405
694800                    -0.276126030285266
698400                    -0.28576705042676276
702000                    -0.2953567734321295
705600                    -0.3048957415170302
709200                    -0.31438448848042044
712800                    -0.3238235368674589
716400                    -0.3332134039612914
720000                    -0.3425545963208863
723600                    -0.3518476154954107
727200                    -0.36109295336051667
730800                    -0.37029109567592405
734400                    -0.37944251901349096
738000                    -0.3885476956900967
741600                    -0.39760708940964307
745200                    -0.4066211573347387
748800                    -0.41559034938348133
752400                    -0.4245151098362031
756000                    -0.43339587612007985
759600                    -0.44223307711685184
763200                    -0.4510271375790258
766800                    -0.45977847420144297
770400                    -0.46848749985515464
774000                    -0.4771546199380778
777600                    -0.48578023433125134
781200                    -0.4943647367572173
784800                    -0.5029085176318014
788400                    -0.5114119601006293
792000                    -0.5198754423866303
795600                    -0.5282993373413231
799200                    -0.5366840132976075
