0                         10
3600                      10.000000000315614
7200                      10.000000000531795
10800                     10.00000000058832
14400                     10.000000000661409
18000                     10.000000000760075
21600                     10.000000000788022
25200                     8.68812911564389
28800                     7.671085450159442
32400                     7.016371787601281
36000                     6.538410919621266
39600                     6.162072753280465
43200                     5.8513456269766975
46800                     5.586208794106649
50400                     5.354956242601624
54000                     5.150436271437076
57600                     4.967051246727807
61200                     4.800628147291689
64800                     4.648158943200894
68400                     4.507488721637725
72000                     4.376967374750008
75600                     4.2552237581171015
79200                     4.141108919885673
82800                     4.0337059250825975
86400                     3.9322746801224486
90000                     3.836195199426625
93600                     3.744928626592867
97200                     3.658009025239663
100800                    3.575037584583371
104400                    3.4956711436032153
108000                    3.419609890536576
111600                    3.3465889470179238
115200                    3.2763733617851427
118800                    3.208754622897739
122400                    3.1435472493057506
126000                    3.080585229639417
129600                    3.0197190221518166
133200                    2.96081344209529
136800                    2.903746017286271
140400                    2.848405497240908
144000                    2.7946905271527687
147600                    2.7425084627747505
151200                    2.691774328477973
154800                    2.642410004024483
158400                    2.5943435718005103
162000                    2.5475086755266894
165600                    2.5018439157821772
169200                    2.4572923652952303
172800                    2.4138011639723995
176400                    2.3713211391391296
180000                    2.3298064671755205
183600                    2.289214377903131
187200                    2.249504883003816
190800                    2.210640521046677
194400                    2.1725861846252785
198000                    2.1353089355411314
201600                    2.0987778000266
205200                    2.0629636129590465
208800                    2.0278388849184443
212400                    1.9933776800043068
216000                    1.959555509348833
219600                    1.9263492141222684
223200                    1.8937368603652485
226800                    1.8616976696692524
230400                    1.8302119367786724
234000                    1.799260961877293
237600                    1.7688269766920517
241200                    1.7388930821316788
244800                    1.7094431931583352
248400                    1.6804619890039474
252000                    1.6519348650009171
255600                    1.6238478880850509
259200                    1.5961877558317024
262800                    1.56894175869485
266400                    1.5420977459557885
270000                    1.5156440930074002
273600                    1.489569671144477
277200                    1.4638638194580698
280800                    1.4385163196243038
284400                    1.4135173712329585
288000                    1.388857569181545
291600                    1.3645278830671401
295200                    1.3405196374304735
298800                    1.316824492599658
302400                    1.2934344283070172
306000                    1.2703417280038396
309600                    1.2475389627828124
313200                    1.2250189772613826
316800                    1.2027748770849436
320400                    1.1808000161335528
324000                    1.1590879844438786
327600                    1.1376325972628856
331200                    1.1164278847147968
334800                    1.0954680811191253
338400                    1.0747476176179298
342000                    1.0542611131177841
345600                    1.0340033646810638
349200                    1.0139693401542296
352800                    0.9941541711057922
356400                    0.9745531455848006
360000                    0.9551617015061868
363600                    0.9359754208789482
367200                    0.9169900235516105
370800                    0.8982013607897171
374400                    0.8796054108540413
378000                    0.8611982733818087
381600                    0.8429761652615755
385200                    0.8249354161439614
388800                    0.8070724631055989
392400                    0.7893838468622978
396000                    0.7718662076903672
399600                    0.7545162820737155
403200                    0.7373308987828092
406800                    0.7203069753960969
410400                    0.7034415154358288
414000                    0.6867316047719585
417600                    0.6701744086719644
421200                    0.6537671692969742
424800                    0.6375072028025978
428400                    0.6213918961776793
432000                    0.6054187055963296
435600                    0.5895851538746967
439200                    0.5738888277908807
442800                    0.558327375730405
446400                    0.5428985067167723
450000                    0.5275999874173787
453600                    0.5124296398947187
457200                    0.49738534040613697
460800                    0.4824650183955389
464400                    0.4676666533434433
468000                    0.4529882733678601
471600                    0.43842795465168005
475200                    0.42398381907061866
478800                    0.4096540327583362
482400                    0.395436804852194
486000                    0.38133038673595193
489600                    0.36733306969050744
493200                    0.3534431848038172
496800                    0.33965910089539647
500400                    0.3259792235117875
504000                    0.31240199395818213
507600                    0.29892588897318384
511200                    0.2855494181364603
514800                    0.27227112365407535
518400                    0.2590895801744874
522000                    0.24600339312932973
525600                    0.2330111970840454
529200                    0.2201116564722455
532800                    0.2073034641067727
536400                    0.19458533944339457
540000                    0.18195602928468424
543600                    0.169414306716337
547200                    0.1569589694246886
550800                    0.14458884002590972
554400                    0.13230276497258786
558000                    0.12009961388647515
561600                    0.10797827911019654
565200                    0.09593767509606606
568800                    0.08397673759625557
572400                    0.07209442327566445
576000                    0.0602897093186183
579600                    0.04856159270754035
583200                    0.036909089501672945
586800                    0.02533123471653066
590400                    0.01382708167884334
594000                    0.002395701648790121
597600                    -0.008963816727542775
601200                    -0.02025236765668924
604800                    -0.03147082900158411
608400                    -0.04262006263756481
612000                    -0.05370091425608074
615600                    -0.06471421399531929
619200                    -0.075660777473509
622800                    -0.0865414059265557
626400                    -0.09735688562026326
630000                    -0.10810798893390412
633600                    -0.11879547490432506
637200                    -0.1294200891081758
640800                    -0.13998256397721592
644400                    -0.1504836196862568
648000                    -0.1609239638340425
651600                    -0.17130429145399673
655200                    -0.1816252860956659
658800                    -0.19188761990523426
662400                    -0.20209195312302342
666000                    -0.21223893527581195
669600                    -0.22232920578174037
673200                    -0.23236339277968213
676800                    -0.24234211340981385
680400                    -0.2522659754793851
684000                    -0.26213557741499577
687600                    -0.27195150691555414
691200                    -0.2817143421515668
694800                    -0.29142465295268477
698400                    -0.3010829999552328
702000                    -0.3106899344004431
705600                    -0.32024599840232376
709200                    -0.3297517262712718
712800                    -0.339207644234728
716400                    -0.3486142698920007
720000                    -0.35797211277807084
723600                    -0.3672816748013871
727200                    -0.37654345027700614
730800                    -0.38575792589782354
734400                    -0.39492558072102457
738000                    -0.4040468867104667
741600                    -0.4131223091339145
745200                    -0.4221523061471878
748800                    -0.4311373287606901
752400                    -0.44007782139722657
756000                    -0.44897422251163516
759600                    -0.45782696396803646
763200                    -0.46663647067290426
766800                    -0.4754031619825733
770400                    -0.48412745121100714
774000                    -0.4928097455801616
777600                    -0.5014504463932992
781200                    -0.5100499495850432
784800                    -0.518608645245108
788400                    -0.5271269176520852
792000                    -0.5356051463498136
795600                    -0.5440437056339171
799200                    -0.5524429639218325
