0                         -11.93617352532015
0.026441043529118635      -11.933607323847227
0.05288208705823727       -11.930635837560219
0.0793231305873559        -11.927601369817019
0.10576417411647454       -11.924659486725036
0.1376251300014271        -11.921112118706047
0.16948608588637962       -11.917560077604012
0.20134704177133217       -11.914003941620004
0.2332079976562847        -11.910448806670939
0.27008053223839534       -11.906340635390434
0.30695306682050594       -11.90223696656276
0.34382560140261653       -11.898130131106907
0.3806981359847272        -11.894027016828307
0.41786195929524494       -11.88989687745172
0.45502578260576276       -11.885768857580862
0.4921896059162805        -11.881638508341776
0.5293534292267984        -11.877509233888052
0.5665172525373162        -11.873386479057023
0.603681075847834         -11.869268999988622
0.6408448991583517        -11.865147652894112
0.6780087224688697        -11.861029095852428
0.7151725457793876        -11.856915910009628
0.7523363690899054        -11.852805060171052
0.7895001924004232        -11.848691989070874
0.8266640157109411        -11.84458031523624
0.8638278390214589        -11.840475317309977
0.9009916623319767        -11.836375462591157
0.9381554856424945        -11.832271309650835
0.9753193089530123        -11.828170637588746
1.0124831322635302        -11.824076047816648
1.049646955574048         -11.819983871375145
1.086810778884566         -11.815888383038486
1.1239746021950838        -11.811793458975046
1.1611384255056016        -11.807705889538639
1.1983022488161195        -11.803623966023917
1.2354660721266373        -11.79953785860541
1.272629895437155         -11.7954543255854
1.309793718747673         -11.791376221745292
1.3469575420581907        -11.787300086532573
1.3841213653687086        -11.78322148828639
1.4212851886792264        -11.779144896443182
1.4584490119897444        -11.775075412279936
1.4956128353002622        -11.771011205483806
1.53277665861078          -11.766942167396007
1.5699404819212979        -11.76287603467624
1.6071043052318157        -11.758815967311774
1.6442681285423335        -11.75475817695383
1.6814319518528513        -11.750697607261989
1.7185957751633691        -11.746638548304583
1.755759598473887         -11.742586132932027
1.7929234217844048        -11.738538933940177
1.8300872450949226        -11.73448792069516
1.8672510684054404        -11.730439545601175
1.9044148917159582        -11.726396657770822
1.941578715026476         -11.722355870385574
1.9787425383369939        -11.71831267382821
2.0159063616475117        -11.714271149738057
2.0530701849580297        -11.710236456576563
2.0902340082685473        -11.706207074395149
2.127397831579065         -11.702173558636897
2.1645616548895825        -11.698142119236298
2.2017254782001006        -11.694116043568652
2.238889301510618         -11.690092498551355
2.276053124821136         -11.686067403012816
2.313216948131654         -11.682043931327206
2.3503807714421714        -11.678026255560907
2.3875445947526894        -11.674013450577563
2.424708418063207         -11.66999761658643
2.461872241373725         -11.665983807031916
2.499036064684243         -11.661975284814398
2.5361998879947607        -11.657968750488388
2.5733637113052783        -11.653960345097492
2.6105275346157963        -11.649953655238157
2.647691357926314         -11.645953168608278
2.6848551812368315        -11.641957896682092
2.7220190045473496        -11.637959998670627
2.759182827857867         -11.633963390695197
2.796346651168385         -11.629971648299916
2.833510474478903         -11.62598207540784
2.870674297789421         -11.621991534997203
2.9078381210999384        -11.618002839236054
2.9450019444104556        -11.61401944505089
2.982165767720974         -11.610040709858616
3.0193295910314917        -11.606059837563379
3.0564934143420097        -11.602080340888115
3.0936572376525278        -11.598106277329801
3.1308210609630454        -11.594134870248961
3.1679848842735634        -11.5901615732062
3.205148707584081         -11.586189061897235
3.242312530894599         -11.58222258746594
3.2794763542051166        -11.578261120269785
3.3166401775156347        -11.57429808705687
3.353804000826152         -11.57033559975185
3.3909678241366694        -11.56637826787642
3.4281316474471875        -11.56242373568319
3.465295470757705         -11.558467974288787
3.502459294068223         -11.55451309879064
3.539623117378741         -11.550563438282838
3.5767869406892587        -11.546618226636625
3.6139507639997763        -11.542671920171975
3.6511145873102944        -11.538726676056388
3.688278410620812         -11.53478725403797
3.72544223393133          -11.530850607525954
3.7626060572418476        -11.526912127572102
3.7997698805523656        -11.522973521619692
3.836933703862884         -11.519041114425095
3.8740975271734013        -11.515113850332177
3.9112613504839193        -11.51118525567237
3.948425173794437         -11.507257246133532
3.9855889971049545        -11.503334175868375
4.022752820415473         -11.499413527566565
4.059916643725991         -11.495491995296012
4.097080467036508         -11.491571668302061
4.134244290347025         -11.487656565167551
4.171408113657543         -11.48374581640341
4.208571936968061         -11.479834084078886
4.2457357602785795        -11.475922423134595
4.2828995835890975        -11.472016498676027
4.320063406899615         -11.46811339812766
4.357227230210133         -11.464209041549527
4.39439105352065          -11.460304987888346
4.431554876831168         -11.456406610137497
4.468718700141686         -11.452513007554886
4.505882523452204         -11.448618803901535
4.543046346762721         -11.444724005889608
4.580210170073238         -11.440834278674973
4.617373993383756         -11.436947197567305
4.654537816694274         -11.4330599306598
4.691701640004792         -11.429174777030788
4.72886546331531          -11.425295335288668
4.7660292866258285        -11.421417555282627
4.8031931099363465        -11.417536765031471
4.840356933246864         -11.413657398730319
4.877520756557381         -11.409785588349713
4.914684579867899         -11.405917352683051
4.951848403178417         -11.40204669727478
4.989012226488935         -11.398178965332232
5.026176049799454         -11.39431631625249
5.063339873109971         -11.390454836318943
5.100503696420489         -11.386591089179776
5.137667519731006         -11.382729393513499
5.174831343041524         -11.378874489701635
5.211995166352041         -11.375022986520355
5.2491589896625594        -11.371168559346676
5.2863228129730775        -11.367316900949765
5.323486636283596         -11.363470709414255
5.360650459594114         -11.359626557414588
5.397814282904632         -11.35578074574811
5.434978106215149         -11.35193636252199
5.472141929525667         -11.348097636148177
5.509305752836184         -11.344262681757337
5.546469576146702         -11.340424978844643
5.583633399457219         -11.336590790063834
5.620797222767735         -11.332761625302188
5.657961046078254         -11.328933890979227
5.6951248693887715        -11.32510354516625
5.73228869269929          -11.321274906172855
5.769452516009808         -11.317453189851925
5.8066163393203265        -11.313635927747377
5.843780162630844         -11.30981474423186
5.880943985941362         -11.305996528693312
5.918107809251879         -11.302183906406656
5.955271632562397         -11.298373384219087
5.992435455872915         -11.294560449426557
6.029599279183433         -11.290748725017627
6.066763102493951         -11.286943096623059
6.103926925804469         -11.28314197210344
6.141090749114987         -11.27933810802335
6.178254572425504         -11.275537227529945
6.215418395736022         -11.271741350966519
6.252582219046539         -11.267947293275746
6.2897460423570575        -11.264150702612326
6.3269098656675755        -11.260355571492482
6.3640736889780944        -11.25656700986067
6.401237512288612         -11.252783360852712
6.43840133559913          -11.24899576278128
6.475565158909647         -11.245210844832036
6.512728982220164         -11.241431133720498
6.549892805530682         -11.23765364815064
6.5870566288412           -11.233873985734089
6.624220452151717         -11.2300956559737
6.661384275462234         -11.226323467656675
6.698548098772752         -11.222556005242964
6.7357119220832695        -11.21878532905981
6.772875745393788         -11.215017346520376
6.810039568704306         -11.211254286625433
6.847203392014823         -11.207492605771709
6.88436721532534          -11.203728936117436
6.921531038635858         -11.199967367095466
6.958694861946376         -11.196211992655122
6.995858685256893         -11.192461286673094
7.033022508567411         -11.188706675362715
7.070186331877928         -11.1849547561896
7.107350155188446         -11.18120789181908
7.1445139784989635        -11.177463072412717
7.181677801809482         -11.17371630087712
7.218841625119999         -11.169971315182892
7.256005448430515         -11.166232509571039
7.293169271741034         -11.162498305385245
7.330333095051551         -11.158760211639137
7.367496918362069         -11.155024693025258
7.404660741672588         -11.151294580605942
7.441824564983104         -11.147566569747168
7.4789883882936214        -11.143836218973167
7.5161522116041395        -11.140107242240319
7.553316034914658         -11.136384293694945
7.590479858225175         -11.132666221412096
7.627643681535693         -11.128944932713171
7.66480750484621          -11.125225991775931
7.701971328156727         -11.121512151120779
7.739135151467245         -11.117800643276508
7.776298974777763         -11.114086908312572
7.81346279808828          -11.110374183131656
7.850626621398797         -11.106667683981033
7.8877904447093155        -11.102965898415283
7.924954268019833         -11.099260982981123
7.962118091330351         -11.095558268686936
7.999281914640868         -11.091860650422994
8.036445737951386         -11.08816493743501
8.073609561261904         -11.084467330631753
8.110773384572422         -11.080771314767057
8.14793720788294          -11.077080973272098
8.185101031193458         -11.073395384270428
8.222264854503976         -11.069707375248896
8.259428677814492         -11.066020960947935
8.296592501125009         -11.062339497959035
8.333756324435527         -11.058660208773821
8.370920147746045         -11.054978947813021
8.408083971056563         -11.051298769524974
8.445247794367083         -11.047624526321421
8.482411617677599         -11.04395500984717
8.519575440988117         -11.040283216233531
8.556739264298633         -11.036612613752244
8.59390308760915          -11.032947473730252
8.631066910919667         -11.029284954072317
8.668230734230185         -11.025620500017396
8.705394557540703         -11.021956611040745
8.742558380851222         -11.018298089492319
8.77972220416174          -11.01464421050065
8.816886027472258         -11.010989071970375
8.854049850782774         -11.007335198591923
8.89121367409329          -11.003685959437957
8.928377497403808         -11.000038994400203
8.965541320714326         -10.996390719087806
9.002705144024844         -10.992743465907783
9.039868967335362         -10.989101555459763
9.07703279064588          -10.985464036329143
9.114196613956398         -10.981825029100328
9.151360437266915         -10.978186559083937
9.18852426057743          -10.97455357961456
9.225688083887949         -10.970923511749376
9.262851907198467         -10.967292037772804
9.300015730508985         -10.963660450251938
9.337179553819503         -10.960034088016211
9.374343377130021         -10.956412066935892
9.41150720044054          -10.952789351152722
9.448671023751055         -10.949167857811883
9.485834847061572         -10.945550936099643
9.52299867037209          -10.941936222544243
9.560162493682608         -10.938320396323473
9.597326316993126         -10.934705225671731
9.634490140303644         -10.931095049463131
9.671653963614162         -10.927489132952603
9.70881778692468          -10.923882570721739
9.745981610235196         -10.920276264216163
9.783145433545714         -10.91667495741673
9.82030925685623          -10.913076114282752
9.857473080166749         -10.909476583596177
9.894636903477267         -10.90587756055909
9.931800726787785         -10.902283699677971
9.968964550098303         -10.8986941282699
10.00612837340882         -10.895103938028543
10.043292196719337        -10.891512995087279
10.080456020029855        -10.887927415145901
10.117619843340371        -10.884344547263693
10.15478366665089         -10.880761217121302
10.191947489961407        -10.877179753553579
10.229111313271925        -10.87360326176143
10.266275136582443        -10.870028366985022
10.303438959892961        -10.866451239438113
10.340602783203478        -10.862875640861482
10.377766606513994        -10.859306504971716
10.414930429824512        -10.855740261390281
10.45209425313503         -10.852172108051448
10.489258076445548        -10.848606920992845
10.526421899756066        -10.845046685319483
10.563585723066584        -10.841487544802611
10.600749546377102        -10.83792633501067
10.637913369687618        -10.834367110194844
10.675077192998135        -10.830814297144864
10.712241016308653        -10.827264353041219
10.74940483961917         -10.823711978646703
10.786568662929689        -10.82016246617753
10.823732486240209        -10.816617748538153
10.860896309550725        -10.813074404142771
10.898060132861243        -10.809529017385952
10.93522395617176         -10.80598546066001
10.972387779482276        -10.80244807965082
11.009551602792794        -10.798914143031135
11.046715426103312        -10.795377694251028
11.08387924941383         -10.791843888167493
11.121043072724348        -10.78831512837512
11.158206896034866        -10.784787796318813
11.195370719345384        -10.781258045090281
11.2325345426559          -10.777730075263486
11.269698365966416        -10.774208264297894
11.306862189276934        -10.770690581279352
11.344026012587452        -10.767169622898743
11.38118983589797         -10.763651421524894
11.418353659208488        -10.760138496355324
11.455517482519006        -10.756627619998723
11.492681305829525        -10.753114027421853
11.52984512914004         -10.749601590209245
11.567008952450557        -10.746095299244956
11.604172775761077        -10.742593312256927
11.641336599071593        -10.739087880241597
11.678500422382113        -10.735585174377757
11.715664245692631        -10.732087545665252
11.752828069003147        -10.728591797594756
11.789991892313665        -10.72509368382416
11.827155715624183        -10.721596918551192
11.864319538934701        -10.718106327607284
11.90148336224522         -10.714620352337887
11.938647185555737        -10.711131224654165
11.975811008866254        -10.707644543672044
12.01297483217677         -10.70416242169844
12.050138655487288        -10.700682123136007
12.087302478797806        -10.697199786006248
12.124466302108324        -10.69371901405315
12.161630125418844        -10.690244343058112
12.19879394872936         -10.68677401845203
12.235957772039878        -10.68330022150176
12.273121595350394        -10.679828689934595
12.31028541866091         -10.67636189818192
12.347449241971429        -10.672896694622386
12.384613065281947        -10.66942993916108
12.421776888592465        -10.66596514470802
12.458940711902983        -10.662505836388316
12.496104535213501        -10.659050787593596
12.533268358524019        -10.655592862055304
12.570432181834535        -10.652137417591515
12.607596005145052        -10.648686238398659
12.64475982845557         -10.645236650950311
12.681923651766088        -10.64178542283074
12.719087475076606        -10.638336194648256
12.756251298387124        -10.634892809648193
12.793415121697642        -10.63145366253796
12.83057894500816         -10.628010851504982
12.867742768318676        -10.624570279762095
12.904906591629192        -10.621134463201253
12.94207041493971         -10.617700638411803
12.979234238250228        -10.61426501553136
13.016398061560746        -10.61083089381539
13.053561884871264        -10.607402241341157
13.090725708181782        -10.603977956622439
13.1278895314923          -10.600551194228265
13.165053354802817        -10.59712675831525
13.202217178113333        -10.593706776744584
13.239381001423851        -10.590288470367778
13.27654482473437         -10.586868201719662
13.313708648044887        -10.583449529734443
13.350872471355405        -10.580036756228695
13.388036294665923        -10.576628445954949
13.42520011797644         -10.573217017445582
13.462363941286958        -10.569807280313068
13.499527764597474        -10.566402052411181
13.536691587907992        -10.562998806860348
13.57385541121851         -10.559594145433168
13.611019234529028        -10.55619111819847
13.648183057839546        -10.552793306220167
13.685346881150064        -10.549399619123331
13.722510704460582        -10.546003731785474
13.759674527771098        -10.542609681424022
13.796838351081616        -10.539220330284158
13.834002174392133        -10.535832916373126
13.87116599770265         -10.53244357284939
13.908329821013169        -10.529055473102884
13.945493644323687        -10.525672945239705
13.982657467634205        -10.522294895064025
14.019821290944723        -10.518914845114967
14.056985114255239        -10.515535723163673
14.094148937565757        -10.512161148138787
14.131312760876273        -10.508788941762191
14.168476584186791        -10.505415550545928
14.20564040749731         -10.502043090751629
14.242804230807828        -10.49867567195722
14.279968054118346        -10.495312334406293
14.317131877428864        -10.491947286101963
14.35429570073938         -10.48858342504087
14.391459524049896        -10.485224362742246
14.428623347360414        -10.481867642843799
14.465787170670932        -10.478509455981103
14.50295099398145         -10.47515201661113
14.54011481729197         -10.471799613096675
14.577278640602486        -10.468451355334782
14.614442463913004        -10.465101946766199
14.65160628722352         -10.461753480046655
14.688770110534037        -10.4584095479299
14.725933933844555        -10.455068031537724
14.763097757155073        -10.451725086544187
14.800261580465591        -10.448382596247088
14.83742540377611         -10.44504554070865
14.874589227086627        -10.441712541484549
14.911753050397145        -10.438378120462083
14.948916873707661        -10.435044581377051
14.986080697018178        -10.43171580247311
15.023244520328696        -10.428389488666197
15.060408343639214        -10.425061932865388
15.097572166949732        -10.421734805899517
15.134735990260252        -10.418412529516754
15.171899813570768        -10.415094254533592
15.209063636881286        -10.411775431462742
15.246227460191802        -10.408457486260886
15.283391283502318        -10.40514379785335
15.320555106812836        -10.401832213544822
15.357718930123355        -10.3985196790742
15.394882753433873        -10.395207715366345
15.432046576744392        -10.39190074581614
15.469210400054909        -10.388597810091351
15.506374223365427        -10.385294085809209
15.543538046675943        -10.381990410758414
15.58070186998646         -10.378691373024653
15.617865693296977        -10.375394661722396
15.655029516607495        -10.372097371233064
15.692193339918013        -10.368801025045485
15.729357163228531        -10.365509107636143
15.76652098653905         -10.362220946668796
15.803684809849566        -10.35893260404257
15.840848633160084        -10.355644277821604
15.878012456470602        -10.352360155739822
15.915176279781118        -10.349078270300971
15.952340103091636        -10.34579633743251
15.989503926402154        -10.342516153417288
16.026667749712672        -10.339240707506569
16.06383157302319         -10.335966833323294
16.10099539633371         -10.33269085895284
16.138159219644226        -10.329416312066282
16.175323042954744        -10.326147693208783
16.21248686626526         -10.322882057800884
16.249650689575777        -10.319614325349054
16.286814512886295        -10.316349068710386
16.323978336196813        -10.313088248729407
16.36114215950733         -10.309828879547842
16.39830598281785         -10.306567984952125
16.435469806128367        -10.303308959506168
16.472633629438885        -10.300055544376372
16.509797452749403        -10.29680509700518
16.546961276059918        -10.293552270811103
16.584125099370436        -10.29030186643746
16.621288922680954        -10.287056206968858
16.65845274599147         -10.283811987102673
16.69561656930199         -10.280565775725602
16.732780392612508        -10.277321315386969
16.769944215923026        -10.274082415292678
16.80710803923354         -10.2708469457154
16.84427186254406         -10.267608625914457
16.881435685854576        -10.264372965012324
16.918599509165094        -10.261142144860052
16.955763332475613        -10.257912981032954
16.99292715578613         -10.254681647579082
17.03009097909665         -10.251451789382559
17.067254802407167        -10.24822794396605
17.104418625717685        -10.245007921849941
17.1415824490282          -10.241784424314652
17.178746272338717        -10.238563380062773
17.21591009564923         -10.235347298883893
17.253073918959753        -10.232133147722454
17.29023774227027         -10.22891693448922
17.32740156558079         -10.225702000136193
17.364565388891307        -10.222492485606287
17.401729212201822        -10.219286843335738
17.43889303551234         -10.216078274895604
17.476056858822858        -10.212872190936341
17.513220682133372        -10.20967074856532
17.550384505443894        -10.206471138565679
17.587548328754412        -10.203269409934693
17.62471215206493         -10.200069054791426
17.661875975375448        -10.196874479609296
17.699039798685966        -10.193684079991943
17.73620362199648         -10.190490083940658
17.773367445307           -10.187298559140084
17.810531268617517        -10.18411192666316
17.847695091928035        -10.180927454534832
17.884858915238553        -10.177740911481584
17.92202273854907         -10.174555321750109
17.959186561859585        -10.171375284353688
17.996350385170103        -10.168199251731972
18.03351420848062         -10.165020171045171
18.07067803179114         -10.16184333223666
18.107841855101658        -10.158671060198682
18.145005678412176        -10.155500551702094
18.182169501722694        -10.152328140146409
18.21933332503321         -10.149157319332508
18.25649714834373         -10.14599193245119
18.293660971654248        -10.142830659756271
18.330824794964766        -10.139666723994077
18.36798861827528         -10.136504827964163
18.4051524415858          -10.133346836034947
18.442316264896316        -10.130190523762877
18.479480088206834        -10.12703298400763
18.516643911517352        -10.123877232116705
18.55380773482787         -10.120726605067686
18.59097155813839         -10.117579782020897
18.628135381448907        -10.114430042097405
18.665299204759425        -10.11128239862596
18.70246302806994         -10.108139193497252
18.739626851380457        -10.10499788698139
18.776790674690975        -10.101854931097552
18.813954498001493        -10.098713348131223
18.851118321312015        -10.095576850817094
18.88828214462253         -10.092444411303171
18.925445967933047        -10.08931004864898
18.962609791243565        -10.086177446011218
18.999773614554083        -10.083048442486778
19.0369374378646          -10.079921167171435
19.074101261175116        -10.076792987836358
19.111265084485634        -10.073666592708935
19.148428907796156        -10.070545118571737
19.18559273110667         -10.067427383699227
19.222756554417188        -10.064307160513811
19.259920377727706        -10.061188328853035
19.29708420103822         -10.058073648386316
19.33424802434874         -10.054960831820548
19.371411847659257        -10.051847000107395
19.408575670969775        -10.048734745476656
19.445739494280293        -10.045627214538682
19.48290331759081         -10.042523508075474
19.52006714090133         -10.039418230288247
19.557230964211847        -10.036314287685121
19.594394787522365        -10.033214334326798
19.631558610832883        -10.03011618257109
19.6687224341434          -10.02701683981829
19.705886257453916        -10.02391890100683
19.743050080764434        -10.020825837707111
19.78021390407495         -10.017736622870043
19.81737772738547         -10.014645850155707
19.854541550695988        -10.01155579671524
19.891705374006506        -10.0084702639845
19.92886919731702         -10.005387188516949
19.96603302062754         -10.002302461189844
20.003196843938056        -9.999218160611655
20.040360667248574        -9.996139135887175
20.077524490559092        -9.993064050448316
20.11468831386961         -9.989987552109946
20.15185213718013         -9.986912054198955
20.189015960490647        -9.983840738968153
20.226179783801165        -9.980771366148842
20.26334360711168         -9.977700724631067
20.300507430422197        -9.974631392305554
20.337671253732715        -9.971567173020972
20.374835077043233        -9.968506813299717
20.41199890035375         -9.965444844252733
20.44916272366427         -9.96238339326128
20.486326546974787        -9.9593263788566
20.5234903702853          -9.956271687889032
20.56065419359582         -9.953215887457555
20.597818016906338        -9.950160720815852
20.634981840216856        -9.947110272986139
20.672145663527374        -9.944063449165387
20.709309486837892        -9.941015888434443
20.74647331014841         -9.937969166607655
20.783637133458928        -9.934926464300817
20.820800956769446        -9.931885612333447
20.85796478007996         -9.928843744839307
20.89512860339048         -9.925802877145678
20.932292426700993        -9.922766730060133
20.969456250011515        -9.91973430801191
21.006620073322033        -9.916701347160991
21.04378389663255         -9.913668526209662
21.08094771994307         -9.910639752039208
21.118111543253583        -9.907613065077916
21.1552753665641          -9.90458588365525
21.19243918987462         -9.901559457919998
21.229603013185134        -9.898537746010346
21.266766836495655        -9.895519701731576
21.303930659806174        -9.892500952787616
21.34109448311669         -9.889481603384997
21.37825830642721         -9.886466803487076
21.415422129737728        -9.88345432938807
21.452585953048246        -9.880441475295338
21.48974977635876         -9.877430201235365
21.526913599669278        -9.874423279992518
21.564077422979796        -9.87141813654462
21.601241246290314        -9.868411734677528
21.638405069600832        -9.865406684667452
21.675568892911347        -9.862406334158305
21.712732716221865        -9.859408305764456
21.74989653953238         -9.85640919171829
21.7870603628429          -9.853412791104684
21.82422418615342         -9.850420555782728
21.861388009463937        -9.847429241965054
21.898551832774455        -9.844436212326093
21.935715656084973        -9.841445007905007
21.97287947939549         -9.838459081472806
22.01004330270601         -9.835475992422598
22.047207126016527        -9.832491041717008
22.08437094932704         -9.829508117544167
22.12153477263756         -9.826529220189105
22.158698595948078        -9.823552001462268
22.195862419258596        -9.820573956921285
22.233026242569114        -9.81759758080957
22.270190065879625        -9.814625520289754
22.307353889190146        -9.811655987210885
22.34451771250066         -9.808684545814112
22.381681535811182        -9.80571595581391
22.4188453591217          -9.802751723685697
22.45600918243222         -9.799788858381222
22.49317300574274         -9.796823952692334
22.530336829053255        -9.793860414325932
22.567500652363773        -9.790902116034268
22.60466447567429         -9.787947271885534
22.641828298984805        -9.784989902124362
22.678992122295323        -9.782034936915794
22.71615594560584         -9.779084334574073
22.75331976891636         -9.776135413691007
22.790483592226877        -9.773184800647845
22.827647415537395        -9.770235637964216
22.86481123884791         -9.767291674767598
22.901975062158428        -9.764351090655975
22.939138885468946        -9.761407516339567
22.976302708779464        -9.758466316595864
23.013466532089982        -9.755529783173266
23.0506303554005          -9.752595111279097
23.087794178711018        -9.749658401139392
23.124958002021536        -9.746722778983989
23.162121825332054        -9.74379213233685
23.199285648642572        -9.740865205340453
23.23644947195309         -9.73793569375869
23.27361329526361         -9.73500869569817
23.310777118574126        -9.732086090373413
23.347940941884644        -9.72916535080008
23.385104765195162        -9.726242553833472
23.422268588505677        -9.72332069587314
23.459432411816195        -9.7204043911141
23.496596235126713        -9.717491959860087
23.53376005843723         -9.714576367669276
23.57092388174775         -9.711662806683432
23.608087705058267        -9.708753746117758
23.64525152836878         -9.705846458700512
23.682415351679296        -9.702937439370588
23.719579174989818        -9.700029926580083
23.75674299830034         -9.697127315094315
23.793906821610854        -9.694228243443685
23.831070644921375        -9.691326435814437
23.86823446823189         -9.688426825375101
23.905398291542408        -9.685531451387796
23.942562114852926        -9.682637784408056
23.97972593816344         -9.679742463306455
24.01688976147396         -9.67684872517874
24.054053584784477        -9.673960093500801
24.091217408094995        -9.671075102399502
24.128381231405513        -9.668187408746563
24.16554505471603         -9.66530149505646
24.20270887802655         -9.662419504874839
24.239872701337063        -9.659539292606894
24.27703652464758         -9.65665792056033
24.3142003479581          -9.653778119402237
24.351364171268617        -9.650903007397464
24.388527994579135        -9.648031421530082
24.425691817889653        -9.645157627420268
24.46285564120017         -9.642285633812522
24.50001946451069         -9.639417519298696
24.537183287821208        -9.636551224661932
24.574347111131722        -9.633683750406039
24.61151093444224         -9.630817753455593
24.648674757752755        -9.627956359518022
24.685838581063276        -9.625098424221889
24.723002404373794        -9.622238376510264
24.760166227684312        -9.619379723768493
24.79733005099483         -9.616524822107529
24.834493874305345        -9.613671763679342
24.871657697615866        -9.610818142226927
24.90882152092638         -9.607966043730274
24.945985344236895        -9.605117895209348
24.983149167547417        -9.602272936780391
25.02031299085793         -9.599426820045595
25.057476814168453        -9.596582376963976
25.09464063747897         -9.593741654521343
25.13180446078949         -9.59090278291364
25.168968284100007        -9.588062588612143
25.20613210741052         -9.585223284291722
25.24329593072104         -9.582388679885687
25.280459754031558        -9.579557692809702
25.317623577342076        -9.576725517697966
25.354787400652594        -9.573894065691821
25.391951223963108        -9.57106663739891
25.429115047273626        -9.568241335961408
25.46627887058414         -9.565414949274347
25.503442693894662        -9.56258956715093
25.54060651720518         -9.559768685934564
25.5777703405157          -9.556951207720378
25.614934163826216        -9.554132491226557
25.652097987136735        -9.551314806153291
25.689261810447253        -9.548501110541434
25.72642563375777         -9.545689548339793
25.76358945706829         -9.542876892144996
25.800753280378803        -9.54006496574189
25.83791710368932         -9.53725727476378
25.87508092699984         -9.534452864906012
25.912244750310357        -9.531647629238106
25.949408573620875        -9.528843161242088
25.986572396931386        -9.52604288267683
26.023736220241908        -9.523244754114339
26.060900043552422        -9.520445539568348
26.098063866862944        -9.517646725082427
26.135227690173462        -9.514852851791135
26.17239151348398         -9.512062593432882
26.209555336794498        -9.509270959619876
26.246719160105016        -9.506479782004579
26.28388298341553         -9.503692658672486
26.321046806726052        -9.500907666196174
26.358210630036567        -9.498122034988132
26.395374453347088        -9.495337407093384
26.43253827665761         -9.492556812059254
26.469702099968124        -9.489779410070584
26.506865923278646        -9.487001698236147
26.544029746589164        -9.484224405591567
26.581193569899682        -9.481451014013839
26.6183573932102          -9.478679506929188
26.655521216520718        -9.475907080428975
26.692685039831236        -9.473135294316355
26.729848863141754        -9.470368324843
26.767012686452272        -9.467604982577967
26.80417650976279         -9.464840817870837
26.84134033307331         -9.4620760106567
26.87850415638383         -9.459315209341478
26.915667979694348        -9.456556849632463
26.952831803004866        -9.45379867437054
26.989995626315384        -9.45104203699778
27.027159449625902        -9.44828924211108
27.06432327293642         -9.445537612774519
27.101487096246938        -9.442784367511514
27.138650919557456        -9.440032636940824
27.175814742867974        -9.437286063706509
27.212978566178492        -9.43454178239811
27.25014238948901         -9.43179587707664
27.28730621279953         -9.429052246605185
27.324470036110046        -9.42631270115786
27.361633859420564        -9.423574587931327
27.398797682731082        -9.420835578849756
27.435961506041604        -9.418098024668554
27.473125329352122        -9.415364524862454
27.51028915266264         -9.412633442101965
27.547452975973158        -9.409901119561205
27.584616799283676        -9.40717109612358
27.621780622594194        -9.404444801454966
27.658944445904712        -9.401719720647412
27.69610826921523         -9.398993568287
27.73327209252575         -9.396269083515367
27.77043591583627         -9.393549070623955
27.807599739146788        -9.390831342997258
27.84476356245731         -9.388111870347103
27.881927385767824        -9.38539484421974
27.91909120907834         -9.382681604428335
27.95625503238886         -9.379969908244117
27.993418855699375        -9.37725716570526
28.030582679009896        -9.374545786977924
28.067746502320414        -9.371838524916804
28.104910325630932        -9.3691340377024
28.14207414894145         -9.36642791670582
28.17923797225197         -9.363724332537798
28.216401795562483        -9.3610247939567
28.253565618873004        -9.358326606179137
28.290729442183522        -9.355626593975925
28.327893265494044        -9.352927894967
28.365057088804562        -9.350234097802572
28.40222091211508         -9.347543615752775
28.439384735425598        -9.34485070680833
28.476548558736116        -9.34215987917834
28.513712382046634        -9.339473035919063
28.550876205357152        -9.336787898355727
28.58804002866767         -9.334101370625145
28.62520385197819         -9.331416050323057
28.66236767528871         -9.328735035626027
28.699531498599228        -9.326057225246604
28.736695321909746        -9.323377535935826
28.773859145220264        -9.320700240770005
28.811022968530782        -9.318026945505846
28.8481867918413          -9.315355072328389
28.88535061515182         -9.31268109987141
28.922514438462336        -9.310008390567699
28.959678261772858        -9.307340952874153
28.996842085083372        -9.30467719874293
29.03400590839389         -9.302010709696622
29.07116973170441         -9.299345876146024
29.10833355501493         -9.29668482162042
29.145497378325445        -9.294025199975355
29.182661201635966        -9.291364577538001
29.219825024946484        -9.288705819632245
29.256988848257006        -9.286051608238713
29.29415267156752         -9.28340048867947
29.33131649487804         -9.280746830622615
29.368480318188556        -9.278095300272089
29.405644141499078        -9.275447777103983
29.442807964809592        -9.27280146940841
29.47997178812011         -9.270153602728891
29.51713561143063         -9.267507456652538
29.554299434741147        -9.264866158567445
29.591463258051668        -9.262228354004154
29.628627081362183        -9.259588081943674
29.665790904672704        -9.256949523812471
29.702954727983226        -9.254314564096777
29.74011855129374         -9.251681188883367
29.777282374604262        -9.249046658625904
29.814446197914776        -9.246413591783002
29.85161002122529         -9.243784943670422
29.888773844535812        -9.241159500758092
29.925937667846327        -9.238531829271025
29.96310149115685         -9.235906191903132
30.000265314467367        -9.233284765645982
30.037429137777885        -9.230665240944328
30.074592961088406        -9.228043901708267
30.111756784398924        -9.225423363033881
30.14892060770944         -9.222807408215116
30.18608443101996         -9.220194893089602
30.22324825433048         -9.217580820302167
30.260412077640996        -9.214968305085078
30.297575900951514        -9.212359012612458
30.334739724262032        -9.209751134691489
30.37190354757255         -9.207142451789025
30.40906737088307         -9.204535431719872
30.446231194193587        -9.20193277459802
30.483395017504108        -9.199333326637671
30.520558840814626        -9.196732040741615
30.557722664125144        -9.194131985384542
30.594886487435662        -9.19153570785874
30.63205031074618         -9.188941200980318
30.6692141340567          -9.186345715339527
30.706377957367216        -9.183751401297682
30.743541780677734        -9.181161008717337
30.780705603988253        -9.178573816525105
30.81786942729877         -9.175985847980389
30.85503325060929         -9.173399288871467
30.892197073919803        -9.170816110070609
30.929360897230325        -9.168234583004727
30.966524720540843        -9.165651957702016
31.003688543851364        -9.163070216829647
31.040852367161882        -9.160492774875676
31.0780161904724          -9.157918588335605
31.11518001378292         -9.155343298187717
31.152343837093436        -9.152768961818909
31.189507660403958        -9.150198187522387
31.226671483714473        -9.147629409540622
31.26383530702499         -9.145060050642018
31.30099913033551         -9.142491631911314
31.33816295364603         -9.139926800270894
31.37532677695655         -9.137364777046496
31.41249060026707         -9.134802213590985
31.449654423577584        -9.132240670507597
31.4868182468881          -9.129683006937674
31.52398207019862         -9.127127337333174
31.561145893509135        -9.12457058824274
31.598309716819657        -9.122014113416204
31.635473540130178        -9.119462103273102
31.672637363440693        -9.11691346443311
31.709801186751214        -9.114364076223152
31.74696501006173         -9.111815326334783
31.784128833372243        -9.109269868807424
31.821292656682765        -9.106726050199995
31.858456479993283        -9.1041816576129
31.895620303303804        -9.10163849057196
31.93278412661432         -9.099099263576345
31.969947949924837        -9.096563004338952
32.00711177323535         -9.09402608192393
32.04427559654587         -9.091490044149612
32.081439419856395        -9.088957721330264
32.118603243166916        -9.086427350847202
32.15576706647744         -9.083896099365962
32.19293088978795         -9.081365326144004
32.23009471309847         -9.078838614804154
32.26725853640899         -9.0763149713526
32.30442235971951         -9.0737907975364
32.341586183030024        -9.071267240440923
32.37875000634054         -9.068747287547092
32.41591382965106         -9.066229073672751
32.45307765296158         -9.063710206422465
32.4902414762721          -9.061192344176138
32.52740529958261         -9.058678766916005
32.56456912289313         -9.056168351812431
32.601732946203654        -9.053657202107255
32.63889676951417         -9.05114558692922
32.67606059282469         -9.048637844013216
32.713224416135205        -9.04613242965867
32.750388239445726        -9.043627061637377
32.78755206275624         -9.041122939798209
32.82471588606676         -9.03862238629218
32.86187970937728         -9.036123038432288
32.8990435326878          -9.033622403953476
32.93620735599831         -9.031123286289121
32.973371179308835        -9.028628612572389
33.01053500261935         -9.026136137978341
33.04769882592987         -9.023642220170894
33.08486264924039         -9.021150498398907
33.12202647255091         -9.0186626225767
33.15919029586143         -9.016175924328685
33.19635411917194         -9.01368783343543
33.233517942482464        -9.011201292151496
33.270681765792986        -9.00871926303024
33.3078455891035          -9.006239850453088
33.345009412414015        -9.003759078094712
33.38217323572454         -9.001280016034263
33.41933705903506         -8.998804310274918
33.45650088234557         -8.996329751579502
33.49366470565609         -8.993854198550023
33.53082852896661         -8.991380428330071
33.56799235227713         -8.98891086771495
33.605156175587645        -8.986443850384035
33.64231999889817         -8.983974849289725
33.67948382220868         -8.981508037539484
33.716647645519195        -8.979045191202978
33.75381146882972         -8.976583872382607
33.79097529214023         -8.97412111608455
33.82813911545075         -8.971659495154736
33.865302938761275        -8.969201994069266
33.902466762071796        -8.966747446992958
33.93963058538232         -8.96429157845738
33.97679440869283         -8.961837657615751
34.013958232003354        -8.959386969781104
34.05112205531387         -8.956937589156627
34.08828587862439         -8.954487132681507
34.125449701934905        -8.952038215103784
34.162613525245426        -8.949593538623748
34.19977734855594         -8.947151733446818
34.23694117186646         -8.944707659572208
34.27410499517698         -8.942265531969182
34.3112688184875          -8.939827186977423
34.34843264179801         -8.937390507562817
34.385596465108534        -8.934952435139806
34.42276028841905         -8.932515531347768
34.45992411172956         -8.930082843939145
34.497087935040085        -8.92765327779887
34.53425175835061         -8.925222485946747
34.57141558166112         -8.922793390975695
34.608579404971636        -8.920367240762547
34.64574322828216         -8.917941926691212
34.68290705159268         -8.915515714679044
34.7200708749032          -8.9130915433441
34.75723469821372         -8.910671850537385
34.794398521524236        -8.908255130580851
34.83156234483475         -8.905835847870922
34.86872616814527         -8.903418373346728
34.905889991455794        -8.901004575724244
34.94305381476631         -8.898592365206305
34.98021763807683         -8.89617905230693
35.017381461387345        -8.89376717632267
35.05454528469786         -8.891359296390677
35.09170910800838         -8.888954235559272
35.128872931318895        -8.886547408442091
35.16603675462942         -8.884142570464563
35.20320057793994         -8.881741309642946
35.24036440125045         -8.879341366722148
35.27752822456097         -8.876939880681734
35.31469204787149         -8.874539902998144
35.351855871182           -8.872144624514457
35.389019694492525        -8.869752629441168
35.42618351780304         -8.867358422830627
35.46334734111356         -8.864965599515012
35.50051116442408         -8.862576126499132
35.537674987734604        -8.860188203785103
35.574838811045126        -8.857799288047348
35.61200263435564         -8.855411765356969
35.64916645766616         -8.853028353669565
35.68633028097668         -8.850647872105373
35.7234941042872          -8.848265712577083
35.76065792759771         -8.845885288539526
35.79782175090823         -8.843508520076112
35.83498557421875         -8.841133218139339
35.87214939752927         -8.83875636696097
35.909313220839785        -8.83638065139323
35.946477044150306        -8.83400923281743
35.98364086746082         -8.831640987114715
36.02080469077134         -8.829271499567113
36.05796851408186         -8.826903281698277
36.09513233739237         -8.82453816246968
36.13229616070289         -8.822174792664482
36.169459984013415        -8.819810677562092
36.20662380732393         -8.817447590531827
36.24378763063444         -8.81508839068475
36.280951453944965        -8.812731971132127
36.31811527725549         -8.810374450569688
36.355279100566           -8.808018041637492
36.392442923876516        -8.80566518031471
36.42960674718704         -8.803314235612628
36.46677057049756         -8.800962308267529
36.50393439380808         -8.79861117878675
36.5410982171186          -8.79626391723366
36.57826204042912         -8.793919701789761
36.61542586373963         -8.791575023414305
36.65258968705015         -8.789231080078306
36.68975351036067         -8.786890068494776
36.72691733367119         -8.784550676573042
36.7640811569817          -8.782210757617005
36.801244980292225        -8.779871938173494
36.838408803602746        -8.777536869357052
36.87557262691326         -8.775204510910468
36.91273645022378         -8.772871325231106
36.9499002735343          -8.770539160802704
36.98706409684481         -8.76821063003583
37.02422792015533         -8.765884084520112
37.06139174346585         -8.763556369675454
37.09855556677637         -8.76122895788388
37.13571939008689         -8.758905531818135
37.172883213397405        -8.756585102053702
37.21004703670792         -8.754264443969017
37.24721086001844         -8.7519446776215
37.28437468332896         -8.749627710525756
37.321538506639484        -8.747312351023616
37.358702329950006        -8.744996556192122
37.39586615326052         -8.742681795604069
37.433029976571035        -8.740371057819388
37.47019379988156         -8.738063134632702
37.50735762319208         -8.73575436409173
37.54452144650259         -8.733446133883458
37.58168526981311         -8.731141244310061
37.61884909312363         -8.72883796325178
37.65601291643415         -8.726534066961408
37.693176739744665        -8.724231282292997
37.73034056305518         -8.721932098542402
37.7675043863657          -8.719635704782318
37.80466820967622         -8.717339188260189
37.84183203298674         -8.715043162840361
37.87899585629726         -8.712750232834725
37.91615967960777         -8.71045881513604
37.953323502918295        -8.708166923240604
37.99048732622881         -8.70587604241376
38.02765114953933         -8.703589218873546
38.064814972849845        -8.7013053318224
38.10197879616037         -8.699020887733477
38.13914261947088         -8.696736194862481
38.1763064427814          -8.69445489453804
38.21347026609192         -8.692175521080179
38.25063408940244         -8.689896040251059
38.28779791271296         -8.687617773720358
38.324961736023475        -8.685343056555745
38.362125559334           -8.683069697500061
38.39928938264451         -8.6807953152397
38.43645320595503         -8.678522374931191
38.473617029265554        -8.676253601797045
38.51078085257607         -8.673986690633107
38.54794467588658         -8.671718385095106
38.585108499197105        -8.669452200025429
38.62227232250763         -8.66718984993691
38.65943614581814         -8.66492865523843
38.696599969128656        -8.662666145971022
38.73376379243918         -8.660405081152048
38.7709276157497          -8.658148067680756
38.80809143906021         -8.655893258478063
38.845255262370735        -8.653637216292456
38.88241908568125         -8.651383001621788
38.919582908991764        -8.649132177808504
38.956746732302285        -8.646882473935571
38.9939105556128          -8.644631749402128
39.03107437892332         -8.642382595652123
39.06823820223384         -8.640137382338988
39.105402025544365        -8.637894425894466
39.142565848854886        -8.635649771230318
39.1797296721654          -8.633407221216759
39.21689349547592         -8.631168367189133
39.25405731878644         -8.628931008517197
39.29122114209696         -8.626692373549433
39.32838496540747         -8.624454835921988
39.365548788717994        -8.622221166683753
39.40271261202851         -8.61999005382913
39.43987643533903         -8.617757270096998
39.477040258649545        -8.615526416592914
39.51420408196007         -8.613299125036727
39.55136790527058         -8.611073279200433
39.5885317285811          -8.608846169388585
39.62569555189162         -8.606620290732934
39.66285937520213         -8.604398367129864
39.70002319851265         -8.602179195843366
39.737187021823175        -8.59995854502307
39.77435084513369         -8.597739610477467
39.81151466844421         -8.595523848562046
39.848678491754725        -8.593309506085749
39.88584231506525         -8.591094230991533
39.92300613837576         -8.588880353882729
39.960169961686276        -8.586670228688448
39.9973337849968          -8.584462686505114
40.03449760830732         -8.58225315329202
40.07166143161784         -8.58004565406968
40.10882525492836         -8.577841889946647
40.14598907823888         -8.575639867212885
40.1831529015494          -8.573436409573587
40.22031672485991         -8.571233798177971
40.25748054817043         -8.569035228657459
40.29464437148095         -8.566839591561171
40.33180819479146         -8.564642808546461
40.368972018101985        -8.562447453405543
40.40613584141251         -8.560254722535616
40.44329966472302         -8.558062975743441
40.480463488033536        -8.555870670596606
40.51762731134406         -8.553680273107979
40.55479113465457         -8.551493819698184
40.59195495796509         -8.549310018481862
40.62911878127561         -8.547124136643543
40.66628260458613         -8.544939918944833
40.70344642789665         -8.54275895444207
40.740610251207166        -8.540579495241639
40.77777407451769         -8.538399151246079
40.8149378978282          -8.536220161805106
40.85210172113872         -8.534044853246602
40.889265544449245        -8.531872183528325
40.926429367759766        -8.529698323816477
40.96359319107028         -8.527526135985385
41.000757014380795        -8.525356946976409
41.03792083769132         -8.523188964397002
41.07508466100184         -8.52101986283985
41.11224848431235         -8.518852261914134
41.149412307622875        -8.516688859207845
41.18657613093339         -8.514528317910768
41.22373995424391         -8.512365937775927
41.260903777554425        -8.51020482306288
41.29806760086494         -8.508046873279374
41.33523142417546         -8.505890515052009
41.37239524748598         -8.503733363810271
41.4095590707965          -8.50157757247514
41.44672289410701         -8.499425545095875
41.48388671741753         -8.497276146441441
41.521050540728055        -8.495125638101758
41.55821436403857         -8.4929763026224
41.595378187349084        -8.49082991614159
41.632542010659606        -8.48868473570043
41.66970583397013         -8.486538598366378
41.70686965728064         -8.484394030753345
41.744033480591156        -8.48225374999774
41.78119730390168         -8.48011641290591
41.8183611272122          -8.477977401682727
41.85552495052272         -8.475839173928506
41.892688773833235        -8.473704235977674
41.92985259714376         -8.471570880417651
41.96701642045427         -8.469436785063584
42.00418024376479         -8.467303955372852
42.041344067075315        -8.465174689559507
42.07850789038583         -8.463047884999195
42.11567171369635         -8.460920082440634
42.152835537006865        -8.458793611258944
42.18999936031738         -8.456670434937255
42.2271631836279          -8.454548831309305
42.264327006938416        -8.45242590250915
42.30149083024894         -8.45030377449081
42.33865465355946         -8.448185993221388
42.37581847686997         -8.446071258824194
42.41298230018049         -8.44395551263956
42.45014612349101         -8.441840217594029
42.48730994680153         -8.43972785780468
42.524473770112046        -8.43761716571814
42.56163759342256         -8.435506104622647
42.59880141673308         -8.433396251092136
42.63596524004361         -8.431289832404266
42.673129063354125        -8.429185807919653
42.71029288666465         -8.427081178691367
42.74745670997516         -8.424977570711622
42.784620533285675        -8.422877196148637
42.8217843565962          -8.420778484882423
42.85894817990672         -8.418678811414994
42.89611200321723         -8.416579689298493
42.93327582652775         -8.414484339860724
42.97043964983827         -8.412391799463485
43.007603473148784        -8.410298985319336
43.044767296459305        -8.408206811726947
43.08193111976983         -8.40611729382317
43.11909494308034         -8.404029363134232
43.15625876639086         -8.401941180658595
43.19342258970138         -8.399853967795972
43.2305864130119          -8.39777033642827
43.267750236322414        -8.395689134754024
43.304914059632935        -8.393607510568572
43.34207788294345         -8.391526282916203
43.37924170625397         -8.389448270356041
43.416405529564486        -8.387371714189014
43.45356935287501         -8.385294293765082
43.49073317618552         -8.38321788245986
43.52789699949603         -8.38114528845447
43.56506082280656         -8.37907555430554
43.60222464611707         -8.377005749809454
43.6393884694276          -8.374936100327758
43.67655229273812         -8.372868845550059
43.71371611604864         -8.37080314451792
43.75087993935915         -8.36873784042655
43.78804376266967         -8.366674056045916
43.825207585980195        -8.36461359937467
43.86237140929071         -8.362554175327526
43.899535232601224        -8.360493527108101
43.936699055911745        -8.358434183330829
43.97386287922227         -8.356378717893877
44.01102670253278         -8.354325165180938
44.0481905258433          -8.35227077520646
44.08535434915382         -8.35021813749207
44.12251817246433         -8.34816863172668
44.159681995774854        -8.346120222628164
44.19684581908537         -8.344071274909808
44.23400964239589         -8.342023916374936
44.27117346570641         -8.339979875910858
44.308337289016926        -8.337937488239849
44.34550111232744         -8.335894140259605
44.38266493563796         -8.33385274249698
44.41982875894849         -8.331814921985357
44.456992582259005        -8.329778190791233
44.49415640556953         -8.327740182781104
44.53132022888004         -8.325703537310781
44.56848405219056         -8.32367047243755
44.60564787550108         -8.32163940788169
44.6428116988116          -8.319607287654922
44.67997552212211         -8.31757698309341
44.717139345432635        -8.315549885891146
44.75430316874315         -8.31352405688786
44.79146699205367         -8.311497283735369
44.828630815364185        -8.309471927227037
44.86579463867469         -8.307450254064188
44.90295846198522         -8.305430758203062
44.940122285295736        -8.303409580063299
44.97728610860626         -8.301390242131399
45.01444993191678         -8.299374514595439
45.051613755227294        -8.297360179716271
45.088777578537815        -8.295344509883481
45.12594140184833         -8.29332998573518
45.16310522515885         -8.291319116903042
45.200269048469366        -8.289310666625802
45.23743287177989         -8.287300805568776
45.2745966950904          -8.285292647090248
45.31176051840092         -8.283287709495175
45.34892434171144         -8.28128420799368
45.38608816502196         -8.279279658919263
45.42325198833248         -8.277276301408856
45.460415811642996        -8.275276532841916
45.49757963495352         -8.27327917726464
45.53474345826403         -8.27128017100605
45.57190728157455         -8.269283101868737
45.609071104885075        -8.267289599380272
45.64623492819559         -8.265297734241194
45.683398751506104        -8.263304554175253
45.720562574816626        -8.261312288679859
45.75772639812714         -8.259323713615895
45.79489022143766         -8.257337603256621
45.832054044748176        -8.255349925727492
45.8692178680587          -8.253363673569488
45.90638169136922         -8.251380417300854
45.943545514679734        -8.249398415898415
45.980709337990255        -8.247415811751184
46.01787316130077         -8.245434933241235
46.055036984611284        -8.243457771157946
46.092200807921806        -8.241482972222128
46.12936463123232         -8.23950648412545
46.16652845454284         -8.237531403476721
46.20369227785336         -8.235559219173437
46.240856101163885        -8.233588318727605
46.2780199244744          -8.231616893773875
46.31518374778492         -8.229647003901503
46.35234757109544         -8.227680415688475
46.38951139440596         -8.225716164746258
46.42667521771648         -8.223750922473567
46.46383904102699         -8.221787251428802
46.501002864337515        -8.21982630637242
46.53816668764803         -8.217866641803514
46.57533051095855         -8.215906161916784
46.612494334269066        -8.213946990215863
46.64965815757958         -8.211991321439404
46.6868219808901          -8.210038035750912
46.72398580420062         -8.208083637921492
46.76114962751114         -8.206130558681327
46.79831345082165         -8.204180178779753
46.835477274132174        -8.202231272639402
46.87264109744269         -8.200282008333833
46.90980492075321         -8.198334222636321
46.94696874406373         -8.196389722908823
46.984132567374246        -8.19444743285728
47.02129639068477         -8.192503988445658
47.05846021399528         -8.190561696746887
47.095624037305804        -8.188622168027258
47.13278786061632         -8.186684055867525
47.16995168392684         -8.184745457974067
47.20711550723736         -8.18280822212121
47.24427933054788         -8.180874324981948
47.2814431538584          -8.178942701905484
47.31860697716892         -8.17701034457499
47.35577080047943         -8.175079210740268
47.39293462378995         -8.173150792929734
47.43009844710047         -8.171223836301094
47.467262270410984        -8.169296099482825
47.504426093721506        -8.167369408824749
47.54158991703203         -8.165446458268624
47.57875374034254         -8.1635260433423
47.615917563653056        -8.161604667759114
47.65308138696358         -8.159683917291611
47.6902452102741          -8.157766221841246
47.727409033584614        -8.155850256087591
47.76457285689513         -8.153933648307554
47.80173668020565         -8.15201807013858
47.83890050351617         -8.150105832301596
47.876064326826686        -8.148195875436688
47.91322815013721         -8.14628539782442
47.95039197344772         -8.144375898406288
47.987555796758244        -8.142469114075583
48.024719620068765        -8.140563826178164
48.06188344337929         -8.138657868454839
48.0990472666898          -8.136752902301694
48.136211090000316        -8.134851580726568
48.17337491331084         -8.132952702629508
48.21053873662135         -8.131052957633035
48.247702559931874        -8.129153565511725
48.284866383242395        -8.127257354254647
48.32203020655291         -8.125363113370463
48.35919402986343         -8.123468418323638
48.396357853173946        -8.121574158643371
48.43352167648447         -8.119683285506513
48.47068549979498         -8.117794754149147
48.5078493231055          -8.115905907725846
48.54501314641602         -8.114018005391102
48.58217696972654         -8.11213285352041
48.619340793037054        -8.11024896939082
48.656504616347576        -8.108364281318543
48.69366843965809         -8.10648062798202
48.7308322629686          -8.10460074631179
48.767996086279126        -8.102723490162507
48.80515990958964         -8.100845782941608
48.84232373290016         -8.09896827782117
48.87948755621068         -8.097093215480866
48.9166513795212          -8.09521967374278
48.95381520283172         -8.093346337169285
48.99097902614224         -8.091474325867255
49.02814284945276         -8.089605294794248
49.06530667276328         -8.087738259853912
49.10247049607379         -8.085870887203876
49.139634319384314        -8.084004078585481
49.176798142694835        -8.08214021120567
49.21396196600535         -8.0802778559127
49.25112578931587         -8.078414926369494
49.288289612626386        -8.076552666868038
49.3254534359369          -8.074694005662142
49.36261725924742         -8.072838021532379
49.399781082557936        -8.07098208413988
49.43694490586846         -8.06912600849371
49.47410872917898         -8.06727214372636
49.511272552489494        -8.065419946153959
49.54843637580001         -8.063568489587299
49.58560019911053         -8.061718415603107
49.622764022421045        -8.059871097906228
49.659927845731566        -8.058024639191462
49.69709166904208         -8.056177203164072
49.7342554923526          -8.054331178913719
49.77141931566313         -8.052488688002255
49.808583138973646        -8.050648019374684
49.84574696228417         -8.04880633961774
49.88291078559468         -8.046966226530861
49.9200746089052          -8.045129239347494
49.95723843221572         -8.043293646101121
49.99440225552624         -8.04145778726324
50.031566078836754        -8.039623209294659
50.06872990214726         -8.03779116219607
50.10589372545779         -8.035960495444817
50.143057548768304        -8.034129447115502
50.180221372078826        -8.032300398112763
50.21738519538935         -8.030474258404768
50.25454901869986         -8.028649046358538
50.291712842010384        -8.026822783694442
50.3288766653209          -8.024997970412048
50.36604048863142         -8.023176819654743
50.403204311941934        -8.021357779233718
50.440368135252456        -8.019537308080707
50.47753195856297         -8.017718371388558
50.514695781873485        -8.015902554681787
50.551859605184006        -8.01408815592949
50.58902342849453         -8.012273053436111
50.62618725180504         -8.01045912020719
50.66335107511556         -8.00864815412404
50.70051489842608         -8.006839108934894
50.73767872173659         -8.005029134657573
50.77484254504712         -8.003220992951888
50.81200636835764         -8.001416037275508
50.84917019166816         -7.999612277620118
50.88633401497867         -7.997807188134582
50.923497838289194        -7.9960032998534905
50.96066166159971         -7.994203054347622
50.99782548491023         -7.992405226141067
51.034989308220744        -7.990605952389198
51.072153131531266        -7.988808115626254
51.10931695484179         -7.987013278991484
51.1464807781523          -7.985219914017772
51.183644601462824        -7.983425719348375
51.22080842477334         -7.98163273446221
51.25797224808385         -7.979843075860562
51.295136071394374        -7.978055505893368
51.33229989470489         -7.976266588727392
51.36946371801541         -7.974479162702462
51.406627541325925        -7.972694812060804
51.44379136463645         -7.970911509663496
51.48095518794697         -7.969127130764554
51.51811901125749         -7.9673442758484025
51.55528283456801         -7.965565074542064
51.592446657878526        -7.963788236685608
51.62961048118904         -7.9620101626645825
51.66677430449956         -7.960233309391807
51.70393812781008         -7.958458932304915
51.7411019511206          -7.956685648655494
51.77826577443112         -7.954911955426239
51.815429597741634        -7.953140021687813
51.85259342105215         -7.95137162724107
51.88975724436267         -7.949605240157214
51.92692106767319         -7.947836970494443
51.964084890983706        -7.946070199787505
52.00124871429422         -7.944306940584665
52.03841253760474         -7.9425453019205525
52.07557636091526         -7.940782727577915
52.11274018422578         -7.939021094810542
52.149612718807745        -7.937276254526586
52.18648525338972         -7.9355333415772655
52.22335778797169         -7.933791660610253
52.26023032255367         -7.932050466051492
52.29209127843862         -7.930545604537763
52.32395223432357         -7.929043398389046
52.35581319020852         -7.927543254050493
52.387674146093474        -7.926043647703095
52.414115189622606        -7.924799286606838
52.440556233151725        -7.923554548460254
52.46699727668086         -7.9223114040797595
52.49343832020997         -7.9210735598203605
