0                         11.752807588261964
0.031165218790121685      11.752122912050044
0.06233043758024337       11.751270670452609
0.09349565637036505       11.750483245322584
0.12466087516048674       11.749681018556329
0.15582609395060842       11.748875401913994
0.19171750303942758       11.747948813005218
0.22760891212824674       11.747025537189545
0.2635003212170659        11.746101487879365
0.29939173030588506       11.745176796590492
0.3352831393947042        11.744254378054348
0.3790092663375759        11.743129726657033
0.4227353932804476        11.741999647017415
0.4664615202233193        11.740873288335127
0.510187647166191         11.739752914196291
0.5539137741090627        11.738634844489717
0.6072914956554598        11.737273159446765
0.6606692172018569        11.735910702086755
0.714046938748254         11.734541464620946
0.7674246602946511        11.733181535506112
0.8208023818410481        11.731820969991212
0.8850041870571772        11.730178848932255
0.9492059922733063        11.728542638353835
1.0134077974894353        11.72690857225084
1.0776096027055644        11.725276617136693
1.1418114079216934        11.723636741223874
1.2195613810278445        11.721646418438025
1.2973113541339814        11.719658123359892
1.3750613272401324        11.717687499144374
1.4528113003462835        11.71572693921826
1.5305612734524345        11.713748587260698
1.6255419393454247        11.711330469884297
1.7205226052384148        11.70892856564811
1.815503271131405         11.706534988305723
1.9104839370243951        11.704134637857896
2.0054646029173853        11.70174477963268
2.1173301101759563        11.698893222196487
2.2291956174345273        11.69605894672938
2.3410611246930983        11.693256133092643
2.4529266319516694        11.690488644500874
2.5647921392102404        11.68771040817932
2.6852061533996476        11.684700561731773
2.805620167589055         11.681689153160564
2.926034181778462         11.678674859726822
3.0464481959678693        11.67567032266431
3.1668622101572765        11.672662344184218
3.2879895824657837        11.669604669098275
3.4091169547742908        11.666585335491941
3.530244327082798         11.663592493424066
3.651371699391305         11.660614364869181
3.772499071699812         11.657652935621785
3.8936264440083193        11.654633308025259
4.014753816316826         11.651613007901215
4.1358811886253335        11.648621680485839
4.257008560933841         11.645681879215678
4.378135933242348         11.64274631340883
4.499263305550855         11.639755351789733
4.620390677859362         11.636757871172554
4.741518050167869         11.633783194841833
4.862645422476376         11.630849799958977
4.983772794784883         11.62792178277861
5.1049001670933905        11.624944409666824
5.226027539401898         11.621965268906793
5.347154911710405         11.619009551941044
5.468282284018912         11.616114183471877
5.589409656327419         11.613213751559615
5.710537028635926         11.610260042610014
5.831664400944433         11.607301422238901
5.95279177325294          11.604375168381148
6.073919145561447         11.601480529880668
6.1950465178699545        11.59858721562634
6.316173890178462         11.595651230643163
6.437301262486969         11.59271274967883
6.558428634795476         11.589799127195091
6.679556007103983         11.586944695506618
6.80068337941249          11.584081727470837
6.921810751720997         11.581170365007463
7.042938124029504         11.578249959873206
7.1640654963380115        11.575367385366313
7.285192868646519         11.572512018045572
7.406320240955026         11.569657038875114
7.527447613263533         11.566762796396832
7.64857498557204          11.563864392871524
7.769702357880547         11.560991097138118
7.890829730189054         11.558177428204154
8.011957102497561         11.555352751879921
8.133084474806068         11.552483438771159
8.254211847114576         11.549601171899058
8.375339219423083         11.546762650814731
8.49646659173159          11.543948408152586
8.617593964040097         11.541132750296606
8.738721336348604         11.538275417341538
8.859848708657111         11.535416626312454
8.980976080965618         11.532586521538214
9.102103453274125         11.52981279461941
9.223230825582633         11.527026929697291
9.34435819789114          11.524200766058186
9.465485570199647         11.521360615884852
9.586612942508154         11.518563942036549
9.707740314816661         11.515789580139684
9.828867687125168         11.513009887753979
9.949995059433675         11.510201259455554
10.071122431742182        11.507392324722854
10.19224980405069         11.504622676235702
10.31337717635921         11.501867703149076
10.434504548667718        11.499100926531833
10.555631920976225        11.49630100075456
10.676759293284732        11.493512313872685
10.79788666559324         11.490757021612431
10.919014037901746        11.488030946051866
11.040141410210254        11.485300065620718
11.16126878251876         11.482519714674707
11.282396154827268        11.479732656770018
11.403523527135775        11.47699296750396
11.524650899444282        11.474296617822949
11.64577827175279         11.471587370907097
11.766905644061296        11.468828873390509
11.888033016369803        11.466073217269857
12.00916038867831         11.463344797994754
12.130287760986818        11.460666142792453
12.251415133295325        11.457988289859067
12.372542505603832        11.455264124331348
12.493669877912339        11.452529841180798
12.614797250220846        11.449817543882116
12.735924622529367        11.447144761376151
12.857051994837875        11.444477360657661
12.978179367146382        11.441765228659996
13.099306739454889        11.43905196981008
13.220434111763396        11.43636059511833
13.341561484071917        11.433724511711615
13.462688856380424        11.431084020419336
13.583816228688931        11.428395462506654
13.704943600997439        11.425702785662748
13.826070973305946        11.423040439413109
13.947198345614453        11.420406468485607
14.06832571792296         11.417774251084735
14.189453090231467        11.4151048574001
14.310580462539974        11.412432183373816
14.431707834848481        11.4097822389931
14.552835207157003        11.407187199697345
14.67396257946551         11.404585362580416
14.795089951774017        11.401940283099691
14.916217324082524        11.399285628323097
15.037344696391031        11.396666738589966
15.158472068699538        11.394072825625878
15.279599441008045        11.391479531133404
15.400726813316552        11.388851028868444
15.52185418562506         11.386219227041796
15.642981557933567        11.38361114582505
15.764108930242074        11.38105700334059
15.885236302550581        11.378493108071005
16.006363674859088        11.37588936060065
16.127491047167595        11.373274287308757
16.248618419476102        11.37069949675039
16.36974579178461         11.368146883789915
16.490873164093117        11.365592905904014
16.612000536401638        11.363001410502257
16.733127908710145        11.360409106998445
16.854255281018652        11.357845618337779
16.975382653327173        11.355331104688004
17.09651002563568         11.35280791379566
17.217637397944188        11.350246456542521
17.338764770252695        11.347672921268986
17.459892142561202        11.345142200257397
17.581019514869723        11.342626917020416
17.70214688717823         11.340112206887472
17.823274259486737        11.337564235929372
17.944401631795245        11.335011282330507
18.06552900410375         11.332491169803996
18.186656376412273        11.330015528051355
18.30778374872078         11.327530328622608
18.428911121029287        11.325014370305006
18.550038493337794        11.32247821632983
18.6711658656463          11.319990455871679
18.79229323795481         11.317523023954951
18.913420610263316        11.315045098309154
19.034547982571823        11.312563172793974
19.15567535488033         11.310062548284481
19.276802727188837        11.307586572735545
19.39793009949736         11.305108971624696
19.519057471805866        11.30262726068003
19.640184844114373        11.30014547500333
19.76131221642288         11.297697316537135
19.882439588731387        11.295236176778168
20.00356696103991         11.292810600918054
20.124694333348415        11.290385282036937
20.245821705656937        11.287921931734688
20.366949077965444        11.285457067664101
20.48807645027395         11.28301724835857
20.609203822582472        11.280606777045746
20.73033119489098         11.278199618922319
20.851458567199487        11.275755752981418
20.972585939507994        11.273309707397363
21.0937133118165          11.270886243147393
21.214840684125008        11.268511548912377
21.335968056433515        11.266132497317956
21.457095428742022        11.26371261653415
21.57822280105053         11.26128807351198
21.699350173359036        11.258892004085999
21.820477545667543        11.256520447159618
21.94160491797605         11.254150364417889
22.062732290284558        11.251750818908238
22.183859662593065        11.24934653250627
22.304987034901572        11.246963354370152
22.42611440721008         11.244630058529916
22.547241779518586        11.242290944479217
22.668369151827093        11.239913008872033
22.7894965241356          11.23752770191966
22.910623896444108        11.235175283175764
23.031751268752615        11.23284539696077
23.152878641061122        11.230516389753806
23.27400601336963         11.22815605557499
23.395133385678122        11.225793043282481
23.51626075798663         11.22345188105905
23.63738813029515         11.22115994537734
23.758515502603665        11.218859607020287
23.87964287491218         11.216523849810493
24.000770247220686        11.214178406060881
24.121897619529193        11.211869883413257
24.243024991837707        11.209581238069095
24.364152364146214        11.207292432824788
24.48527973645473         11.204971216091247
24.606407108763236        11.202648581549882
24.727534481071743        11.200350858271072
24.848661853380264        11.198099105252533
24.969789225688764        11.195839411331013
25.09091659799728         11.193547821345339
25.212043970305785        11.191243084455339
25.3331713426143          11.18897837180422
25.454298714922814        11.186727930213717
25.57542608723132         11.184479159433021
25.696553459539835        11.182201139797401
25.817680831848335        11.179916862581868
25.93880820415685         11.17766376748726
26.059935576465364        11.17545154204819
26.181062948773878        11.173231875885902
26.302190321082392        11.170983858769132
26.4233176933909          11.168718819328738
26.544445065699406        11.166497921572915
26.665572438007928        11.164293189961095
26.786699810316435        11.162081508940684
26.90782718262495         11.15986734409046
27.02895455493345         11.157637775701188
27.150081927241956        11.155426935691295
27.27120929955047         11.15322169828309
27.392336671858978        11.15101313389659
27.513464044167492        11.148801644338166
27.634591416476           11.146621071180656
27.755718788784506        11.144426371105228
27.87684616109302         11.142266836648265
27.997973533401527        11.140100360411992
28.11910090571004         11.137923350585371
28.24022827801855         11.13574172133369
28.361355650327056        11.133576986296857
28.482483022635577        11.131423190971232
28.603610394944084        11.129259199600405
28.72473776725259         11.127081624190833
28.8458651395611          11.12490292632563
28.966992511869606        11.12276887528844
29.088119884178127        11.120647094294343
29.209247256486634        11.118521455349752
29.33037462879515         11.11637248726676
29.45150200110365         11.114220965480547
29.572629373412163        11.112094581215715
29.693756745720677        11.109990028730719
29.814884118029184        11.107888411293189
29.93601149033769         11.10575864987258
30.057138862646198        11.103625778174878
30.178266234954705        11.10151232257039
30.299393607263227        11.099443723222073
30.420520979571727        11.097370325690003
30.54164835188024         11.09526352142594
30.662775724188748        11.093149816360706
30.783903096497255        11.091065501192059
30.905030468805776        11.089002580226362
31.026157841114276        11.086941228910929
31.14728521342279         11.084853392853407
31.26841258573129         11.08276127393948
31.389539958039798        11.080690209706374
31.51066733034832         11.078663316375408
31.631794702656826        11.076629465210425
31.75292207496534         11.074564748088996
31.874049447273848        11.072492029513445
31.995176819582362        11.070452651832897
32.116304191890876        11.06843122563541
32.23743156419938         11.06641014008939
32.358558936507904        11.064360918830095
32.479686308816405        11.062311052704636
32.60081368112492         11.060283969565196
32.72194105343343         11.05829815403789
32.84306842574194         11.0563046158242
32.964195798050454        11.054284472441518
33.085323170358954        11.052253202500593
33.20645054266747         11.050258018014192
33.32757791497598         11.048275086021391
33.44870528728449         11.046294025972909
33.569832659593004        11.044287697877685
33.69096003190151         11.042278125807245
33.81208740421002         11.040296891546744
33.93321477651853         11.038349872942828
34.05434214882704         11.036398232619064
34.175469521135554        11.034421894598468
34.29659689344405         11.032430839363027
34.41772426575256         11.03047959745718
34.53885163806108         11.028542630353876
34.6599790103696          11.02660101673848
34.78110638267811         11.024656458728066
34.90223375498661         11.022697800703256
35.02336112729512         11.020765523622119
35.144488499603646        11.018841182480784
35.265615871912146        11.01688988388473
35.38674324422065         11.014942878795507
35.50787061652916         11.013037344897013
35.62899798883767         11.011114603145131
35.75012536114619         11.009224087281032
35.871252733454696        11.00732757274599
35.99238010576321         11.005421476539547
36.11350747807171         11.003512768817338
36.234634850380225        11.001619579193795
36.35576222268874         10.999735021749675
36.476889594997246        10.997842520029081
36.59801696730577         10.99594154550197
36.71914433961427         10.99403767899947
36.84027171192278         10.99217528282554
36.9613990842313          10.990318283155503
37.0825264565398          10.988465633580324
37.20365382884832         10.986586750825188
37.32478120115682         10.984699510558551
37.445908573465324        10.982850808711898
37.56703594577385         10.981028750319698
37.68816331808235         10.97919460292035
37.80929069039087         10.977336184272257
37.930418062699374        10.975482323018138
38.051545435007874        10.973644760182
38.172672807316395        10.971839360730597
38.2938001796249          10.970032437165045
38.41492755193342         10.968198452636592
38.53605492424192         10.966361380567674
38.65718229655043         10.964549914410641
38.77830966885895         10.962757439969655
38.89943704116746         10.960966242956413
39.020564413475974        10.959151262156864
39.141691785784474        10.95733657500438
39.26281915809299         10.955540214737956
39.38394653040151         10.95378119363171
39.50507390271001         10.952015030039897
39.62620127501852         10.95022504068741
39.74732864732702         10.948430286644465
39.86845601963554         10.946664034933962
39.98958339194405         10.944913390481469
40.11071076425256         10.94316364076152
40.23183813656107         10.941390157350881
40.35296550886957         10.939616719114456
40.47409288117808         10.937863758036922
40.5952202534866          10.936146875254748
40.71634762579511         10.934424269076132
40.83747499810363         10.932679050671467
40.95860237041213         10.930924760745704
41.07972974272064         10.929202570877276
41.200857115029166        10.927491356267543
41.321984487337666        10.925782838097692
41.44311185964618         10.924053582173768
41.56423923195467         10.92232054195819
41.68536660426319         10.920613204742383
41.806493976571716        10.918936294756962
41.927621348880216        10.91725582326401
42.04874872118873         10.915555576127645
42.16987609349722         10.913842524169793
42.29100346580574         10.912165339762822
42.41213083811426         10.910498952255386
42.533258210422765        10.908829893584766
42.65438558273128         10.907160144067177
42.77551295503978         10.905478964307187
42.896640327348294        10.903819102909628
43.01776769965681         10.902167951473276
43.13889507196532         10.900494112767255
43.26002244427383         10.898825238462802
43.38114981658234         10.897192002224074
43.50227718889085         10.895545565798882
43.62340456119937         10.893926575790893
43.74453193350787         10.892304013352588
43.865659305816386        10.89067273075393
43.986786678124886        10.889039705796737
44.10791405043339         10.887419894714977
44.229041422741915        10.885804289155852
44.35016879505042         10.884185765202036
44.47129616735893         10.882557676089624
44.592423539667436        10.88095772777918
44.713550911975936        10.879352275764447
44.83467828428446         10.87777540655734
44.955805656592965        10.87619902359096
45.07693302890148         10.874594711279762
45.198060401209986        10.872990339005645
45.319187773518486        10.871415569513674
45.44031514582701         10.869864606007024
45.56144251813551         10.8683043195259
45.68256989044402         10.866720825450823
45.80369726275252         10.865143502461649
45.92482463506103         10.863587390303604
46.04595200736955         10.862054471338732
46.16707937967806         10.860521415411622
46.28820675198658         10.858961529776396
46.40933412429508         10.857403499859362
46.53046149660359         10.855878110391616
46.651588868912114        10.854360394062835
46.772716241220614        10.852837885368183
46.89384361352913         10.851289569230529
47.01497098583763         10.849756733968444
47.13609835814614         10.84824866161277
47.25722573045466         10.846761297758707
47.37835310276316         10.845268986198723
47.499480475071664        10.843760188356626
47.62060784738017         10.842247987677208
47.74173521968868         10.840758503418515
47.86286259199719         10.83928216563347
47.98398996430569         10.837807678608147
48.105117336614214        10.83631363660066
48.22624470892271         10.83482124733244
48.34737208123122         10.833347455093469
48.46849945353974         10.831903398669208
48.58962682584825         10.83045601691272
48.71075419815676         10.828991660588954
48.831881570465264        10.827517920224803
48.95300894277377         10.82607247139048
49.07413631508229         10.82464149259364
49.1952636873908          10.823208356332579
49.31639105969931         10.821773464327475
49.43751843200781         10.820326566618528
49.55864580431632         10.818903699656953
49.67977317662484         10.817486126855323
49.80090054893334         10.816053831387837
49.92202792124185         10.81462220501887
50.04315529355035         10.813225306304034
50.164282665858856        10.811815930361421
50.285410038167385        10.810428114635013
50.406537410475885        10.809036593420336
50.5276647827844          10.807645320266861
50.64879215509289         10.806243309009965
50.769919527401406        10.804861361904964
50.891046899709934        10.803488880375983
51.012174272018434        10.802099230248007
51.133301644326956        10.800713145690716
51.25442901663545         10.799356739991303
51.375556388943956        10.79799081283922
51.49668376125248         10.796647388079068
51.617811133560984        10.795301559282322
51.738938505869505        10.793950648349417
51.860065878178           10.792598719694038
51.981193250486506        10.791258551750921
52.10232062279502         10.789922714652
52.22344799510353         10.788584748566405
52.34457536741204         10.787240708774679
52.465702739720534        10.785919742613142
52.58683011202904         10.784594493087758
52.70795748433756         10.783294819604299
52.82908485664607         10.781996521607343
52.950212228954584        10.78067667804297
53.071339601263084        10.779355975853141
53.1924669735716          10.778060880927649
53.31359434588012         10.776786390628011
53.43472171818863         10.7755049834718
53.55584909049715         10.774205451240928
53.67697646280564         10.772911879227978
53.79810383511415         10.77163655548147
53.919231207422676        10.77038118995884
54.040358579731176        10.769126420916166
54.16148595203969         10.767850258651373
54.28261332434818         10.76657658004816
54.40374069665669         10.765331997010037
54.52486806896521         10.76409200674205
54.64599544127372         10.762849223674527
54.76712281358223         10.76158780660463
54.88825018589073         10.760340334855073
55.00937755819924         10.759113985910236
55.13050493050776         10.757901619310015
55.25163230281626         10.756689961201888
55.37275967512478         10.755471845902065
55.493887047433276        10.75425675326304
55.61501441974178         10.753043997483054
55.73614179205031         10.751835552417724
55.85726916435881         10.750632588041993
55.97839653666733         10.749419576926323
56.099523908975826        10.748216200833422
56.22065128128434         10.747033173549376
56.34177865359286         10.745865554046686
56.46290602590136         10.744694628603101
56.58403339820987         10.743513975215238
56.70516077051837         10.742329622781062
56.82628814282688         10.741166450334578
56.94741551513539         10.740015834071778
57.068542887443904        10.73886502400746
57.18967025975242         10.7377126329643
57.31079763206091         10.736552726923525
57.431925004369425        10.73541183679501
57.55305237667794         10.734275363606438
57.67417974898645         10.733130925608991
57.79530712129496         10.731985245912353
57.91643449360346         10.730868027484304
58.03756186591197         10.729743230709868
58.15868923822049         10.728636877575216
58.279816610529           10.727528188620663
58.40094398283752         10.7264202368507
58.52207135514601         10.725305310070272
58.643198727454525        10.724207669590951
58.76432609976305         10.723117267667746
58.88545347207155         10.722013934347068
59.006580844380075        10.72091522991482
59.12770821668856         10.719841153963781
59.248835588997075        10.718759672205945
59.3699629613056          10.717697934622581
59.491090333614096        10.71663560829522
59.6122177059226          10.71556921437261
59.733345078231096        10.714503510428372
59.85447245053961         10.713447691602404
59.97559982284814         10.712396823931181
60.09672719515664         10.711345872041145
60.21785456746515         10.71029021475061
60.338981939773646        10.709253595092074
60.46010931208216         10.708214849206358
60.58123668439068         10.707197443887754
60.70236405669919         10.706182209309217
60.8234914290077          10.705149371461772
60.9446188013162          10.704119845672672
61.06574617362471         10.703109660205525
61.18687354593323         10.702116862478965
61.30800091824174         10.701119662360217
61.42912829055025         10.700109456398259
61.55025566285875         10.699104961477566
61.67138303516726         10.698115781317785
61.79251040747578         10.697143055918502
61.91363777978428         10.696171811496296
62.034765152092795        10.695185083021892
62.15589252440129         10.69420140348984
62.277019896709795        10.693240976208848
62.39814726901832         10.692285900815733
62.519274641326824        10.691329318071071
62.64040201363534         10.690359398823322
62.76152938594384         10.689401559192527
62.88265675825234         10.688460901352032
63.00378413056088         10.68753202570234
63.124911502869374        10.686604997946484
63.24603887517789         10.685673856793386
63.36716624748638         10.684746137004975
63.4882936197949          10.683821456604996
63.60942099210342         10.682898709945688
63.73054836441193         10.681982660553897
63.851675736720445        10.68106221171748
63.97280310902894         10.680150718057194
64.09393048133744         10.679254291250414
64.21505785364596         10.678372464762386
64.33618522595447         10.677485885446666
64.45731259826299         10.676600469345876
64.57843997057147         10.675718537313031
64.69956734287999         10.674839333293903
64.82069471518851         10.673963723621483
64.94182208749702         10.6730922211847
65.06294945980555         10.672215615055594
65.18407683211403         10.671349947875191
65.30520420442255         10.670497890924896
65.42633157673107         10.669658905735618
65.54745894903957         10.668817699897517
65.66858632134809         10.667971592422882
65.78971369365658         10.667123862719365
65.91084106596509         10.666295074584927
66.03196843827361         10.665473599802459
66.15309581058212         10.664653196330548
66.27422318289062         10.663834579541888
66.39535055519912         10.66301260761519
66.51647792750762         10.662203734511182
66.63760529981616         10.661400322756464
66.75873267212465         10.66059231162496
66.87986004443317         10.65978622265398
67.00098741674167         10.65899946239152
67.12211478905019         10.658209037252602
67.24324216135872         10.657434346434904
67.36436953366722         10.656660540953203
67.48549690597575         10.655884961159455
67.60662427828423         10.655111151910807
67.72775165059275         10.654346021244423
67.84887902290127         10.653585747226325
67.97000639520977         10.652826544512346
68.09113376751829         10.652065531086167
68.21226113982678         10.65131943111898
68.33338851213529         10.650573080445069
68.45451588444381         10.64984341407109
68.5756432567523          10.649116753627373
68.69677062906082         10.648380238850203
68.81789800136931         10.647645173369972
68.93902537367782         10.646926091961662
69.06015274598634         10.646220763505058
69.18128011829485         10.645513710656395
69.30240749060337         10.64479893448739
69.42353486291188         10.644089521345988
69.54466223522037         10.643392447646354
69.66578960752891         10.64270818725461
69.7869169798374          10.642026321664513
69.90804435214592         10.641334354964156
70.02917172445441         10.640646802679841
70.15029909676292         10.639977496942254
70.27142646907146         10.63931282803497
70.39255384137996         10.638648813060017
70.51368121368849         10.637976596199541
70.63480858599696         10.637314500944402
70.75593595830547         10.636665414736294
70.877063330614           10.636027136590767
70.99819070292251         10.635389124206291
71.11931807523102         10.634751833043078
71.24044544753951         10.634117812281824
71.36157281984802         10.633487385832304
71.48270019215654         10.6328610542124
71.60382756446505         10.632240150553018
71.72495493677356         10.631617117699635
71.84608230908206         10.63100113677879
71.96720968139057         10.630397464173171
72.0883370536991          10.629802241227654
72.2094644260076          10.629211186356075
72.33059179831612         10.628619143893335
72.45171917062461         10.628031150101041
72.57284654293312         10.627446927489276
72.69397391524167         10.626866919630976
72.81510128755016         10.626291201397622
72.93622865985868         10.625713427363948
73.05735603216716         10.625144445094758
73.17848340447567         10.624586352753557
73.29961077678419         10.624037435474214
73.4207381490927          10.623492348923529
73.5418655214012          10.62294377713987
73.6629928937097          10.622396822100587
73.7841202660182          10.621861210998823
73.90524763832673         10.621331211863083
74.02637501063525         10.620800699006328
74.14750238294376         10.620267540751016
74.26862975525226         10.619746139767434
74.38975712756077         10.619233918837486
74.51088449986929         10.618731989822717
74.6320118721778          10.618229583485853
74.7531392444863          10.617726434576666
74.8742666167948          10.617228579643557
74.9953939891033          10.616735232983816
75.11652136141184         10.616254144445131
75.23764873372035         10.615775202130216
75.35877610602887         10.61529746387815
75.47990347833736         10.614822267899182
75.60103085064588         10.614354311305577
75.7221582229544          10.613891017346507
75.84328559526291         10.613429185546552
75.96441296757142         10.612969760731726
76.08554033987991         10.612521251176242
76.20666771218843         10.612074280759513
76.32779508449696         10.611638991807096
76.44892245680545         10.611207272187446
76.57004982911398         10.61077117391514
76.69117720142246         10.610338720206594
76.81230457373098         10.609917822117366
76.9334319460395          10.609506591423784
77.054559318348           10.60909629113397
77.17568669065652         10.608683595327967
77.296814062965           10.608276049752252
77.4179414352735          10.60787763167961
77.53906880758205         10.607488610649533
77.66019617989055         10.607102986126856
77.78132355219907         10.606713885562218
77.90245092450756         10.606329324561255
78.02357829681607         10.605956564719904
78.1447056691246          10.605589008274041
78.2658330414331          10.605223850296861
78.38696041374162         10.604856353108753
78.5080877860501          10.60449649273367
78.6292151583586          10.604145834799677
78.75034253066714         10.603803819756845
78.87146990297565         10.603463298303462
78.99259727528418         10.603125824321143
79.11372464759268         10.60279241993534
79.23485201990117         10.602463033826277
79.3559793922097          10.602137982988598
79.4771067645182          10.601818223770684
79.59823413682672         10.601500180756553
79.71936150913521         10.601187499423542
79.8404888814437          10.600883467433674
79.96161625375224         10.600586942114036
80.08274362606075         10.600292773636843
80.20387099836927         10.600002004480649
80.32499837067776         10.599715592049371
80.44612574298627         10.599433397450971
80.5672531152948          10.599155635093778
80.6883804876033          10.598882398292034
80.80950785991182         10.598610962837466
80.9306352322203          10.598346213113908
81.05176260452882         10.598088839425328
81.17288997683734         10.59783867222441
81.29401734914585         10.597591658144449
81.41514472145438         10.597346369291877
81.53627209376286         10.597105301141738
81.65739946607138         10.596871404649805
81.7785268383799          10.596643427605997
81.8996542106884          10.596417751496986
82.02078158299692         10.59619431289401
82.1419089553054          10.595975562782899
82.26303632761392         10.595765094878946
82.38416369992244         10.595561509324757
82.50529107223095         10.595361832529633
82.62641844453947         10.595162783178601
82.74754581684796         10.594968637541474
82.86867318915648         10.594780464857685
82.989800561465           10.5946003663145
83.1109279337735          10.594424521454588
83.23205530608202         10.594249877698816
83.3531826783905          10.594079475904786
83.47431005069902         10.59391561400209
83.59543742300754         10.593756866782572
83.71656479531605         10.59360284376652
83.83769216762458         10.59345239074643
83.95881953993306         10.593306174598526
84.07994691224158         10.593166549188695
84.20107428455009         10.593033110959368
84.3222016568586          10.59290394815416
84.44261567104807         10.592777760257498
84.56302968523752         10.59265610892413
84.683443699427           10.592541107004257
84.80385771361648         10.592431637845891
84.92427172780593         10.592325622028602
85.0361372350645          10.592229939457035
85.14800274232303         10.592138502330593
85.2598682495816          10.592052218753915
85.3717337568402          10.591970826398526
85.48359926409874         10.59189310877035
85.57857992999176         10.591829422024789
85.67356059588474         10.591768621451754
85.76854126177773         10.59171136654957
85.86352192767075         10.591657584017273
85.95850259356374         10.59160635471561
86.03625256666989         10.591565886689535
86.11400253977602         10.591527655695081
86.19175251288218         10.591491685371743
86.26950248598835         10.591457756307681
86.34725245909449         10.59142602054658
86.41145426431062         10.591401090196243
86.47565606952672         10.591377500521428
86.53985787474285         10.591355173177298
86.60405967995901         10.591334252395118
86.66826148517511         10.591314652289459
86.72163920672152         10.591299349043581
86.7750169282679          10.591284962057575
86.82839464981431         10.5912716432424
86.88177237136074         10.59125902925502
86.93515009290714         10.59124730314001
86.97887621985002         10.591238539860413
87.02260234679288         10.591230604452752
87.06632847373574         10.591223721706553
87.11005460067865         10.591216640258207
87.15378072762151         10.591208367600938
87.18967213671034         10.591203096673228
87.22556354579915         10.591202636697043
87.26145495488797         10.59120138752515
87.29734636397681         10.591194688981975
87.33323777306562         10.59118767917614
87.36440299185575         10.59117914105444
87.39556821064585         10.591173467202848
87.42673342943596         10.591220383527936
87.4578986482261          10.591263432300284
87.48906386701621         10.590900297098194
