0                         11.732470682066747
0.01654477621287187       11.731518988642172
0.03308955242574374       11.730455502629521
0.04963432863861561       11.729320307572568
0.06617910485148748       11.72817322555769
0.08546063343806545       11.726878992478005
0.10474216202464343       11.725590364535227
0.1240236906112214        11.72429806523995
0.14330521919779937       11.723004022823543
0.16678554773927406       11.7214280755916
0.19026587628074876       11.719853097808713
0.21374620482222345       11.718277771155567
0.23722653336369814       11.716701816153922
0.2658976266618881        11.71477667163845
0.29456871996007805       11.712852230452791
0.323239813258268         11.710930839752324
0.3519109065564579        11.709010440396268
0.38692044777732604       11.706665191994588
0.4219299889981942        11.704318876097293
0.4569395302190624        11.701972200784402
0.4919490714399306        11.69962670951255
0.5346998269105425        11.696765580354317
0.5774505823811544        11.693906303435499
0.6202013378517663        11.691046043406232
0.6629520933223783        11.688187112959922
0.7114780485470127        11.684945427093439
0.760004003771647         11.681705340224333
0.8085299589962814        11.67846333439715
0.8570559142209158        11.675222181222802
0.9065205927041975        11.671922787077415
0.9559852711874793        11.668627318416725
1.0054499496707612        11.665329368833078
1.054914628154043         11.662032923696389
1.1044385461416932        11.658736158141933
1.1539624641293433        11.655440929186653
1.2034863821169934        11.652143610878912
1.2530103001046438        11.648847069132389
1.302534218092294         11.645555174910605
1.3520581360799444        11.642267371118797
1.4015820540675947        11.638976827688484
1.451105972055245         11.63568781194701
1.5006298900428954        11.632402180781819
1.5501538080305455        11.629117745285033
1.5996777260181958        11.625831793877351
1.6492016440058461        11.622546974184486
1.6987255619934964        11.619266615007758
1.7482494799811468        11.615990336686227
1.797773397968797         11.612710898695305
1.8472973159564472        11.609432681075344
1.8968212339440973        11.606158598018277
1.9463451519317476        11.602885919181988
1.9958690699193977        11.5996114893914
2.0453929879070483        11.596337916940055
2.094916905894699         11.593068693196402
2.144440823882349         11.589803548628527
2.1939647418699995        11.58653619279144
2.2434886598576496        11.583269916918836
2.2930125778452997        11.580006980404496
2.34253649583295          11.576745280394094
2.3920604138206003        11.573482274517765
2.441584331808251         11.570220205714923
2.491108249795901         11.566962027237683
2.540632167783551         11.563707649676045
2.590156085771201         11.560451445579536
2.6396800037588517        11.55719598048615
2.6892039217465022        11.553944583696572
2.7387278397341523        11.550694907533641
2.7882517577218024        11.54744329661249
2.837775675709453         11.544191561963366
2.887299593697103         11.540944269407232
2.9368235116847536        11.537701061099568
2.9863474296724037        11.534456532597511
3.0358713476600543        11.53121281673161
3.085395265647705         11.52797243627747
3.134919183635355         11.524733333504853
3.184443101623005         11.521492905919947
3.233967019610655         11.518253461809245
3.2834909375983052        11.515017951240697
3.333014855585956         11.511785966613639
3.382538773573606         11.508552468551605
3.4320626915612564        11.505319281398561
3.4815866095489065        11.502090215221031
3.5311105275365566        11.498862624284763
3.5806344455242067        11.495633634294085
3.6301583635118573        11.492405116561173
3.679682281499508         11.489180432723165
3.729206199487158         11.485959415289887
3.778730117474808         11.48273793167648
3.8282540354624586        11.479516132771312
3.8777779534501082        11.476298118311465
3.927301871437759         11.473081752082425
3.9768257894254093        11.469864091744826
4.026349707413059         11.466646631720682
4.0758736254007095        11.463433113002106
4.12539754338836          11.460223214957699
4.17492146137601          11.457013162024436
4.224445379363661         11.453802808747634
4.273969297351312         11.450595179659949
4.323493215338962         11.447388973066364
4.373017133326612         11.444183412680449
4.422541051314262         11.440979484934077
4.472064969301911         11.437778824369198
4.521588887289562         11.434579080421475
4.571112805277213         11.431377298000076
4.620636723264863         11.428176236441265
4.670160641252514         11.424980156609772
4.719684559240164         11.421787069753547
4.7692084772278145        11.418592097083856
4.818732395215465         11.41539926914359
4.868256313203115         11.412209867447828
4.917780231190765         11.409021326447856
4.967304149178415         11.405830824445296
5.016828067166065         11.402641207371515
5.066351985153715         11.399456146158656
5.115875903141365         11.396273898790183
5.165399821129015         11.393089406593994
5.214923739116666         11.38990750473487
5.264447657104316         11.386729297485742
5.313971575091967         11.383552315273041
5.3634954930796175        11.380373084896574
5.413019411067268         11.377194129246224
5.462543329054918         11.374019934210175
5.512067247042568         11.370849175336645
5.561591165030219         11.367675819675595
5.611115083017869         11.364504709246553
5.66063900100552          11.361337284007428
5.71016291899317          11.35817111097062
5.759686836980821         11.3550027728574
5.80921075496847          11.351834975489208
5.85873467295612          11.348671812954487
5.90825859094377          11.3455124201037
5.957782508931421         11.342350174539567
6.0073064269190715        11.33919009140635
6.056830344906722         11.33603357173722
6.106354262894372         11.332878423649811
6.155878180882022         11.329721540643783
6.205402098869672         11.32656528479057
6.254926016857322         11.323413192832112
6.304449934844973         11.320264837354458
6.353973852832622         11.317113477890883
6.403497770820273         11.313964454622177
6.453021688807923         11.310819064482827
6.502545606795573         11.307675065526446
6.552069524783224         11.304528863502519
6.6015934427708745        11.301383283450027
6.651117360758525         11.298242164879516
6.7006412787461755        11.295104812493665
6.750165196733826         11.291964709122643
6.799689114721476         11.288826553721586
6.849213032709126         11.285691821734293
6.898736950696776         11.282558360275354
6.948260868684427         11.279423035038501
6.997784786672077         11.276288563056669
7.047308704659728         11.273158472913961
7.096832622647377         11.270032265304991
7.146356540635027         11.26690328333727
7.1958804586226774        11.263776175734145
7.2454043766103275        11.260652431156771
7.2949282945979785        11.25752994929884
7.344452212585629         11.254405683008532
7.393976130573279         11.25128230507928
7.443500048560929         11.248163227867407
7.493023966548579         11.245047995193488
7.54254788453623          11.241930281410063
7.59207180252388          11.23881406553154
7.641595720511531         11.235701053860184
7.691119638499181         11.232589106566707
7.740643556486831         11.229475684444687
7.790167474474481         11.226363411772132
7.839691392462132         11.223255387832847
7.8892153104497815        11.220151205332334
7.9387392284374325        11.2170440079939
7.988263146425083         11.213937925366805
8.037787064412734         11.21083561881301
8.087310982400384         11.207734694404472
8.136834900388035         11.204632450630278
8.186358818375684         11.201531080843509
8.235882736363333         11.198433548171444
8.285406654350984         11.195339754635166
8.334930572338635         11.192243999155021
8.384454490326284         11.18914944217
8.433978408313935         11.18605825981594
8.483502326301586         11.182968826952981
8.533026244289236         11.179877995542107
8.582550162276886         11.1767870297926
8.632074080264536         11.173699896565918
8.681597998252187         11.17061637535822
8.731121916239836         11.167531699545126
8.780645834227487         11.164448147688667
8.830169752215138         11.161367666878704
8.879693670202787         11.158288582406387
8.929217588190436         11.155208207951762
8.978741506178087         11.152128321575214
9.028265424165737         11.149052238311427
9.077789342153388         11.145979726748452
9.127313260141038         11.142906424729667
9.17683717812869          11.139833543049543
9.226361096116339         11.136763676012068
9.27588501410399          11.13369503385955
9.325408932091639         11.130625503638232
9.37493285007929          11.127556783060742
9.424456768066943         11.124491519626103
9.473980686054592         11.121429650359856
9.523504604042241         11.118366800440473
9.573028522029892         11.115304287793181
9.622552440017541         11.112245407534209
9.672076358005192         11.1091878188697
9.721600275992841         11.106128918159799
9.771124193980492         11.103070547742785
9.820648111968142         11.100015942453263
9.870172029955793         11.096964802906628
9.919695947943442         11.09391327447985
9.969219865931093         11.090861540407957
10.018743783918742        11.087813376687349
10.068267701906393        11.084766818397359
10.117791619894044        11.081719090026969
10.167315537881695        11.078671601973515
10.216839455869344        11.075627823101332
10.266363373856995        11.072587419612507
10.315887291844646        11.06954678977937
10.365411209832295        11.066505980808655
10.414935127819946        11.063467888316838
10.464459045807597        11.060431342574583
10.513982963795247        11.05739506316822
10.563506881782898        11.054360078207585
10.613030799770549        11.051328368975646
10.662554717758198        11.048297663034797
10.712078635745847        11.045265106726044
10.761602553733498        11.04223330772648
10.811126471721149        11.03920615364249
10.860650389708798        11.036181594088086
10.91017430769645         11.033155028479324
10.959698225684098        11.030130772166748
11.00922214367175         11.027109963062998
11.058746061659399        11.024090319029007
11.108269979647048        11.021068812919815
11.157793897634697        11.018047723718423
11.207317815622345        11.01503112028985
11.256841733609996        11.012017346716837
11.306365651597645        11.009001406663486
11.355889569585296        11.005987858496784
11.405413487572945        11.002977830352332
11.454937405560596        10.999968957601912
11.504461323548245        10.99695797429572
11.553985241535894        10.993947338532994
11.603509159523542        10.990941348579748
11.653033077511193        10.987938643798858
11.702556995498842        10.984933335089256
11.752080913486493        10.981930075293041
11.801604831474142        10.978930478772883
11.851128749461793        10.975932160719568
11.900652667449442        10.972931888212145
11.950176585437092        10.969932222377551
11.99970050342474         10.966936895027949
12.04922442141239         10.963945055385949
12.09874833940004         10.96095086152236
12.14827225738769         10.957958266716838
12.197796175375343        10.954968934067988
12.24732009336299         10.95198087869284
12.296844011350641        10.948991106369672
12.346367929338289        10.946002273905806
12.39589184732594         10.943017485193783
12.445415765313587        10.940036159697144
12.494939683301238        10.937052172975974
12.544463601288887        10.934070272879099
12.593987519276538        10.9310917727482
12.643511437264188        10.928114640212405
12.693035355251837        10.925135560240694
12.742559273239486        10.922157143223984
12.792083191227135        10.919182878136255
12.841607109214785        10.916212100541408
12.891131027202436        10.9132387298814
12.940654945190085        10.910267204063357
12.990178863177734        10.907298939240453
13.039702781165385        10.904331947381065
13.089226699153032        10.901363282218774
13.138750617140683        10.898395506336888
13.18827453512833         10.895431886515363
13.237798453115982        10.89247186495954
13.287322371103631        10.889509137924
13.336846289091282        10.886548173352136
13.386370207078933        10.883590419103419
13.435894125066582        10.880633901183494
13.485418043054231        10.87767577067788
13.53494196104188         10.87471852320773
13.58446587902953         10.871765317382428
13.633989797017179        10.868815691860785
13.683513715004828        10.865863837052817
13.73303763299248         10.862913409599651
13.78256155098013         10.859965765867036
13.83208546896778         10.857019151150933
13.88160938695543         10.85407144872113
13.93113330494308         10.851124929033537
13.98065722293073         10.848182161533687
14.03018114091838         10.84524289261672
14.079705058906029        10.842301787392474
14.129228976893678        10.839361898952104
14.178752894881326        10.836424872582544
14.228276812868977        10.833488999224794
14.277800730856626        10.830551982781081
14.327324648844277        10.827615977981969
14.376848566831926        10.824683649964829
14.426372484819577        10.821754787738918
14.475896402807225        10.81882421048679
14.525420320794876        10.81589460901354
14.574944238782523        10.812967965927298
14.624468156770174        10.810042463937299
14.673992074757823        10.807115879314951
14.723515992745474        10.804190273437381
14.773039910733123        10.801268239913515
14.822563828720774        10.798349565765752
14.872087746708424        10.795429559239826
14.921611664696073        10.792510382666823
14.971135582683724        10.789594402785236
15.020659500671371        10.786679684061925
15.07018341865902         10.783763511057053
15.119707336646671        10.780847922462534
15.169231254634324        10.777936196689208
15.218755172621972        10.77502795995813
15.268279090609623        10.772118339675268
15.31780300859727         10.769209492842418
15.367326926584921        10.766303730409687
15.416850844572568        10.763399279318547
15.46637476256022         10.760493727526198
15.515898680547869        10.757588788594534
15.565422598535516        10.754687352375054
15.614946516523169        10.7517891894794
15.664470434510818        10.748890403395256
15.713994352498467        10.745991736640368
15.763518270486117        10.743096314790002
15.813042188473766        10.740202305134755
15.862566106461417        10.7373072524377
15.912090024449066        10.734412499831882
15.961613942436717        10.731521200582204
16.011137860424366        10.728633145255168
16.060661778412012        10.72574485524072
16.110185696399665        10.722856311126957
16.159709614387317        10.71997110425693
16.209233532374967        10.717087489102546
16.258757450362616        10.714202865969137
16.308281368350265        10.71131853890755
16.357805286337914        10.708437716254075
16.407329204325563        10.705560038770226
16.456853122313213        10.702682117906841
16.506377040300862        10.699804074466206
16.55590095828851         10.696928591703108
16.60542487627616         10.694054653664564
16.65494879426381         10.691181028413128
16.704472712251462        10.688308633643649
16.75399663023911         10.685439310556553
16.80352054822676         10.68257095898403
16.853044466214413        10.679701006698249
16.90256838420206         10.676831884989799
16.952092302189712        10.673967082057676
17.00161622017736         10.671104725669483
17.05114013816501         10.668240613992946
17.10066405615266         10.665378605885946
17.15018797414031         10.662519860061364
17.199711892127958        10.659662111513718
17.249235810115607        10.656802781249665
17.298759728103256        10.653944182200453
17.348283646090906        10.651089633851095
17.397807564078555        10.64823752191863
17.447331482066204        10.645383435565783
17.496855400053857        10.642531654160203
17.546379318041506        10.639683272222182
17.595903236029155        10.636836021327026
17.6454271540168          10.63398684977151
17.694951072004454        10.631138091525472
17.744474989992106        10.628293626018358
17.793998907979756        10.625452117102935
17.843522825967405        10.622608250134958
17.893046743955054        10.619766345306584
17.942570661942703        10.616927953595397
17.992094579930352        10.614090789548738
18.041618497918           10.61125177657102
18.09114241590565         10.608413394970091
18.140666333893297        10.60557911954799
18.19019025188095         10.60274791894138
18.2397141698686          10.599914163332436
18.28923808785625         10.597082539512394
18.3387620058439          10.594254296853203
18.38828592383155         10.591427452241378
18.437809841819202        10.588598922378527
18.487333759806848        10.58577069858344
18.536857677794497        10.582946330661724
18.58638159578215         10.580125303173565
18.6359055137698          10.577301924800537
18.68542943175745         10.574480432115989
18.734953349745098        10.571662180663001
18.784477267732747        10.56884528672091
18.834001185720396        10.56602664663392
18.883525103708045        10.563208740447292
18.933049021695695        10.560394759381369
18.982572939683344        10.557584019461396
19.032096857670993        10.554770879873532
19.081620775658646        10.551959494064857
19.13114469364629         10.549151171193156
19.180668611633944        10.54634405754677
19.23019252962159         10.543535426536208
19.279716447609243        10.540727723142007
19.329240365596892        10.537923959904715
19.378764283584545        10.535123530307867
19.428288201572194        10.532320545047506
19.477812119559843        10.529519274333294
19.527336037547492        10.526721070057093
19.57685995553514         10.523924044727899
19.62638387352279         10.521125553586051
19.67590779151044         10.518327983306786
19.72543170949809         10.515534287048759
19.77495562748574         10.512743970459333
19.824479545473388        10.50995166250224
19.87400346346104         10.507160648366733
19.923527381448693        10.504372225949005
19.97305129943634         10.501584817045389
20.02257521742399         10.498796547140529
20.072099135411637        10.49600942483401
20.12162305339929         10.493225773291924
20.17114697138694         10.490445343275026
20.22067088937459         10.487662944326983
20.270194807362238        10.484881966455063
20.319718725349887        10.48210357155869
20.369242643337536        10.479326325307333
20.418766561325185        10.476548181259602
20.468290479312834        10.473771024418387
20.517814397300484        10.470997291427667
20.567338315288133        10.468226723254759
20.616862233275782        10.465454697879258
20.666386151263435        10.46268368318194
20.715910069251088        10.45991540754906
20.765433987238737        10.457148355628119
20.814957905226386        10.45438012614593
20.864481823214035        10.45161273698824
20.914005741201684        10.448848906834543
20.963529659189334        10.446088166872824
21.013053577176983        10.443325951965248
21.062577495164632        10.4405644895169
21.112101413152278        10.437806388004365
21.16162533113993         10.435049876046474
21.21114924912758         10.43229197766906
21.260673167115232        10.429534364551152
21.31019708510288         10.426780458412534
21.35972100309053         10.424029792060887
21.409244921078184        10.421277706775083
21.45876883906583         10.418526509847393
21.508292757053482        10.415778223828097
21.55781667504113         10.413031153153797
21.60734059302878         10.41028303750057
21.65686451101643         10.407535605744018
21.70638842900408         10.404791717735504
21.755912346991728        10.40205094291747
21.805436264979377        10.399309315781796
21.854960182967027        10.39656780941011
21.904484100954676        10.393829376388416
21.954008018942325        10.391092239328847
22.003531936929974        10.388354314822534
22.053055854917627        10.38561704801435
22.102579772905273        10.382882859955629
22.152103690892925        10.3801515951024
22.20162760888057         10.377420042666857
22.251151526868224        10.374688799351741
22.300675444855873        10.371960505865045
22.350199362843526        10.369233609429049
22.399723280831175        10.366505845452426
22.449247198818824        10.363778089953334
22.498771116806473        10.361053792868166
22.548295034794123        10.358332542265444
22.597818952781772        10.35561110382854
22.64734287076942         10.352889108332656
22.69686678875707         10.350170069621543
22.74639070674472         10.347453031701273
22.79591462473237         10.344736011959714
22.84543854272002         10.342019784611763
22.894962460707674        10.33930662668979
22.94448637869532         10.336594393256842
22.994010296682973        10.333880495916887
23.04353421467062         10.331167452911219
23.093058132658268        10.32845843435219
23.14258205064592         10.325751685030431
23.19210596863357         10.323043461240355
23.24162988662122         10.32033733192126
23.291153804608868        10.317634301466393
23.340677722596517        10.314932154221557
23.390201640584166        10.312228524770173
23.439725558571816        10.309525679169141
23.489249476559465        10.30682666913986
23.538773394547114        10.304129945672662
23.588297312534763        10.301431541570253
23.637821230522416        10.298735240972041
23.687345148510065        10.296042031110618
23.736869066497714        10.293349796376967
23.78639298448536         10.290656015729137
23.835916902473013        10.287962897088672
23.885440820460666        10.2852734788404
23.934964738448315        10.282586612965215
23.984488656435964        10.279897982416053
24.034012574423613        10.277211511019948
24.083536492411262        10.27452810478967
24.13306041039891         10.27184585174586
24.18258432838656         10.269162018918651
24.23210824637421         10.266478635699167
24.28163216436186         10.263799005961719
24.33115608234951         10.261122344332437
24.380680000337158        10.258443441618162
24.43020391832481         10.255766474877147
24.47972783631246         10.25309268726261
24.52925175430011         10.250420098286995
24.57877567228776         10.247745907881193
24.628299590275407        10.245072347673316
24.67782350826306         10.242402512631841
24.72734742625071         10.239735730028716
24.77687134423836         10.237066688231229
24.826395262226008        10.234399522901844
24.875919180213657        10.231735481759495
24.925443098201306        10.229072611076
24.974967016188955        10.22640806567695
25.024490934176605        10.223744279711587
25.074014852164254        10.221084295941985
25.123538770151903        10.218427475861628
25.173062688139552        10.215768468075368
25.222586606127205        10.213110996228913
25.272110524114854        10.210456349429649
25.321634442102507        10.207802759510669
25.371158360090156        10.205147901228157
25.420682278077805        10.20249411962112
25.470206196065455        10.199843919273025
25.519730114053104        10.197196741403516
25.569254032040753        10.19454731167739
25.618777950028402        10.191899647239216
25.66830186801605         10.189254916435678
25.7178257860037          10.186611464213172
25.76734970399135         10.183966417423923
25.816873621979003        10.181322057988554
25.866397539966655        10.178681471423063
25.9159214579543          10.176043966755879
25.965445375941954        10.173404254475649
26.0149692939296          10.170766031107
26.06449321191725         10.168130795477499
26.1140171299049          10.16549667540831
26.16354104789255         10.162861270732627
26.2130649658802          10.16022676597159
26.26258888386785         10.157595888001794
26.3121128018555          10.154968138268197
26.361636719843148        10.15233827609001
26.411160637830797        10.149709829494396
26.460684555818446        10.147084372458869
26.510208473806095        10.144460183509473
26.559732391793744        10.141834525249203
26.609256309781397        10.13920956690336
26.658780227769046        10.136588244228644
26.708304145756696        10.133969966020397
26.757828063744345        10.131350122537349
26.807351981731994        10.128731394320392
26.856875899719647        10.12611546412744
26.906399817707296        10.123500501419356
26.955923735694945        10.120884292050775
27.005447653682594        10.118268984443826
27.054971571670244        10.115657243081305
27.104495489657893        10.113048689582044
27.154019407645542        10.110438789592472
27.20354332563319         10.10782975586977
27.25306724362084         10.105223354826622
27.30259116160849         10.102617768883189
27.352115079596143        10.100011027572794
27.40163899758379         10.097405385846903
27.45116291557144         10.094803429802253
27.50068683355909         10.092204544390475
27.55021075154674         10.089603851832626
27.59973466953439         10.087003849222368
27.64925858752204         10.084407088362697
27.69878250550969         10.081811563769715
27.74830642349734         10.07921483818966
27.79783034148499         10.076618876061268
27.847354259472638        10.07402642352278
27.896878177460287        10.071437014673112
27.946402095447937        10.068846459119536
27.995926013435586        10.06625607983864
28.045449931423235        10.063668723668519
28.094973849410884        10.061082587099971
28.144497767398533        10.058495604587288
28.194021685386186        10.055909369755181
28.243545603373835        10.053326235180075
28.293069521361485        10.050745914726837
28.34259343934913         10.048164901825931
28.392117357336783        10.045584336962605
28.441641275324436        10.043006624694664
28.491165193312085        10.040429988467695
28.540689111299734        10.037852543268565
28.590213029287384        10.035275600678203
28.639736947275036        10.03270188729559
28.689260865262682        10.030131062379363
28.73878478325033         10.027560071974765
28.78830870123798         10.024988512739933
28.83783261922563         10.022419798767865
28.88735653721328         10.019852940424155
28.936880455200928        10.017286061975376
28.98640437318858         10.014719933805878
29.03592829117623         10.012156676651966
29.08545220916388         10.009594385689237
29.134976127151532        10.007030759583737
29.184500045139178        10.004467954357557
29.23402396312683         10.00190882419772
29.28354788111448         9.999351830942658
29.33307179910213         9.99679357596401
29.382595717089778        9.99423716644007
29.432119635077424        9.991683553058854
29.481643553065076        9.989130881163316
29.531167471052726        9.986577232671268
29.580691389040375        9.984024397013322
29.630215307028024        9.981474915083803
29.679739225015673        9.978927759677383
29.729263143003323        9.976378739552883
29.778787060990975        9.973831656519321
29.82831097897862         9.971287569451773
29.877834896966277        9.968744514166323
29.927358814953926        9.96620014050706
29.976882732941576        9.963656455866749
30.026406650929225        9.961116191504031
30.075930568916874        9.958578249913941
30.125454486904523        9.9560387284993
30.174978404892173        9.953501216689888
30.22450232287982         9.95096660610491
30.27402624086747         9.948433135150484
30.323550158855124        9.945898259779385
30.373074076842773        9.943363808637717
30.422597994830422        9.940832805892558
30.47212191281807         9.938304550211761
30.52164583080572         9.935774327359487
30.57116974879337         9.933245939002006
30.620693666781023        9.930720573302498
30.67021758476867         9.928196399426954
30.71974150275632         9.925670789999032
30.76926542074397         9.923145808572135
30.818789338731616        9.920624343108926
30.86831325671927         9.918105713930506
30.917837174706918        9.915585054317386
30.967361092694567        9.91306612848374
31.016885010682216        9.910550146098924
31.066408928669865        9.90803535740267
31.115932846657515        9.905519150397312
31.165456764645167        9.903003711821928
31.214980682632817        9.900491787546173
31.264504600620466        9.897982778336283
31.31402851860811         9.89547179770738
31.363552436595764        9.89296224032389
31.413076354583417        9.890455357022674
31.462600272571066        9.887949537774686
31.512124190558715        9.88544259235006
31.561648108546365        9.882936685852675
31.611172026534017        9.880434134520451
31.660695944521663        9.877934398449025
31.710219862509312        9.875432569614306
31.75974378049696         9.872932383807363
31.80926769848461         9.870434961095638
31.85879161647226         9.867938817413167
31.90831553445991         9.865441276689785
31.957839452447562        9.86294443658595
32.00736337043521         9.860451151890452
32.056887288422864        9.857960738691855
32.10641120641051         9.855468194161336
32.15593512439816         9.852977008403847
32.20545904238581         9.85048863320288
32.25498296037346         9.848001368385308
32.30450687836111         9.845513046839574
32.35403079634876         9.843025684325312
32.4035547143364          9.84054171619581
32.45307863232406         9.838060669810268
32.50260255031171         9.835577718981538
32.552126468299356        9.833096030069884
32.601650386287005        9.830617010754688
32.651174304274655        9.828139185335742
32.700698222262304        9.82566027901387
32.75022214024995         9.823182190765026
32.7997460582376          9.82070745104469
32.84926997622526         9.818235595847284
32.89879389421291         9.815762240658936
32.94831781220056         9.81328988505941
32.997841730188206        9.810820106513184
33.047365648175855        9.808351301320767
33.096889566163505        9.805881466971627
33.146413484151154        9.803412565623713
33.1959374021388          9.800947037314081
33.24546132012645         9.798484504562769
33.2949852381141          9.796020742126704
33.34450915610175         9.79355778708346
33.3940330740894          9.791097242296528
33.44355699207705         9.788637490691665
33.4930809100647          9.786176697315598
33.54260482805235         9.78371698245446
33.59212874604            9.781260794430775
33.641652664027646        9.77880753096809
33.6911765820153          9.77635259584779
33.74070050000295         9.7738982796568
33.7902244179906          9.771446916869056
33.83974833597825         9.768996761345353
33.8892722539659          9.766545623664102
33.93879617195355         9.764095252314696
33.9883200899412          9.761648092856579
34.03784400792885         9.75920369063444
34.087367925916496        9.756758240916675
34.136891843904145        9.754313278208622
34.1864157618918          9.751871210717026
34.23593967987944         9.74943064335673
34.28546359786709         9.74698904639835
34.33498751585474         9.744547527405599
34.38451143384239         9.742109270024958
34.43403535183005         9.73967376320883
34.4835592698177          9.737238004490019
34.533083187805346        9.734802352101221
34.582607105793           9.732369210527553
34.632131023780644        9.72993710536853
34.681654941768294        9.727504442485417
34.73117885975594         9.725072696404924
34.78070277774359         9.722643832240623
34.83022669573124         9.720217536316344
34.87975061371889         9.71779081521981
34.92927453170654         9.715364251072849
34.97879844969418         9.712940472026506
35.02832236768184         9.710517941454873
35.077846285669494        9.708094757085478
35.127370203657144        9.70567184385188
35.17689412164479         9.703251984932317
35.22641803963244         9.700834841325817
35.27594195762009         9.698417496432647
35.32546587560774         9.6959999817545
35.37498979359538         9.693584861640435
35.42451371158304         9.691171239405152
35.47403762957069         9.688757781717857
35.52356154755834         9.686345148250188
35.57308546554599         9.683935093625612
35.622609383533636        9.681525980142869
35.672133301521285        9.679115762662391
35.721657219508934        9.676706469969709
35.77118113749658         9.674300392801891
35.82070505548424         9.671896253893877
35.87022897347189         9.669490928731733
35.91975289145954         9.66708740795791
35.96927680944719         9.664686734723396
36.01880072743484         9.66228706810009
36.068324645422486        9.659886190163151
36.117848563410135        9.657486027136462
36.167372481397784        9.655089066579198
36.21689639938543         9.652694268425169
36.26642031737308         9.650298112855761
36.31594423536073         9.647903880210553
36.36546815334838         9.645512423034146
36.41499207133603         9.643122085376243
36.46451598932368         9.6407305155085
36.51403990731133         9.638339440760285
36.56356382529898         9.635951604890597
36.61308774328663         9.633566292846675
36.66261166127428         9.63117922733649
36.71213557926193         9.628793872675951
36.76165949724958         9.626411359432868
36.81118341523723         9.624029990056439
36.86070733322488         9.621647353619684
36.91023125121253         9.619265371513352
36.95975516920018         9.616886610593196
37.00927908718783         9.614510440875192
37.05880300517548         9.612132435997546
37.108326923163126        9.609756085543248
37.15785084115078         9.607382504634517
37.207374759138425        9.60501002590794
37.256898677126074        9.60263625349548
37.30642259511372         9.600263273361314
37.35594651310137         9.597893590703407
37.40547043108903         9.595526585143457
37.45499434907668         9.5931578269503
37.50451826706433         9.590790384669697
37.55404218505198         9.588425446059524
37.603566103039626        9.586061522122415
37.653090021027275        9.583696597578964
37.702613939014924        9.581332709813793
37.75213785700257         9.57897195976512
37.80166177499022         9.576613826560818
37.85118569297787         9.57425389360419
37.90070961096552         9.571895579757406
37.95023352895316         9.569539894282624
37.99975744694082         9.567185460252569
38.04928136492847         9.564829779015088
38.09880528291612         9.562474797636693
38.14832920090377         9.56012303440547
38.197853118891416        9.557773898242123
38.24737703687907         9.555423334015913
38.29690095486672         9.55307399164483
38.346424872854364        9.550726801724855
38.39594879084202         9.548380487186597
38.44547270882967         9.546033516138301
38.49499662681732         9.543687726356644
38.54452054480497         9.54134503940817
38.59404446279262         9.539004997063024
38.643568380780266        9.536663361236181
38.693092298767915        9.534322910503292
38.742616216755565        9.53198484633181
38.792140134743214        9.52964784425172
38.84166405273086         9.527309949985074
38.89118797071851         9.524972955521292
38.94071188870617         9.522639075264143
38.99023580669382         9.520307855623823
39.03975972468147         9.51797527860705
39.089283642669116        9.515643692728819
39.138807560656765        9.51331451984112
39.188331478644415        9.51098628279141
39.237855396632064        9.508657133879995
39.28737931461971         9.506328941651043
39.33690323260736         9.504003963536205
39.38642715059501         9.50168176448687
39.43595106858266         9.49935844830477
39.48547498657031         9.497035906566522
39.53499890455796         9.494715593844369
39.58452282254561         9.492396041492393
39.634046740533265        9.490075583493406
39.683570658520914        9.487756207322182
39.73309457650856         9.485440151622193
39.78261849449621         9.483126797708454
39.83214241248386         9.480811923295253
39.88166633047151         9.478497681669008
39.93119024845916         9.476186183593525
39.98071416644681         9.473875880876088
40.03023808443446         9.471564790325223
40.07976200242211         9.469254472204982
40.129285920409764        9.466947078732655
40.178809838397406        9.464642198919389
40.228333756385055        9.462336574653214
40.277857674372704        9.460031573885095
40.327381592360354        9.45772908486289
40.37690551034801         9.455427944871895
40.42642942833566         9.453125953368822
40.47595334632331         9.450824135495738
40.525477264310965        9.448525315576012
40.57500118229861         9.446228986655825
40.624525100286256        9.443932500031126
40.674049018273905        9.441636311452323
40.723572936261554        9.439342361978985
40.773096854249204        9.43704936093624
40.82262077223685         9.434755883596333
40.8721446902245          9.432463294902925
40.921668608212144        9.430173480035476
40.9711925261998          9.42788605280388
41.02071644418745         9.425598522934248
41.0702403621751          9.423310934675362
41.11976428016275         9.421025874007578
41.1692881981504          9.418742032142664
41.218812116138054        9.416457610679057
41.2683360341257          9.414173657275988
41.317859952113345        9.411892674253458
41.367383870101           9.409614133700865
41.41690778808865         9.407335306063692
41.4664317060763          9.405056348565058
41.51595562406395         9.402779700181659
41.5654795420516          9.400504619805535
41.61500346003925         9.398229810473785
41.6645273780269          9.395955820819488
41.714051296014546        9.393684306627533
41.763575214002195        9.391413533862671
41.813099131989844        9.38914158501698
41.86262304997749         9.386870674558388
41.91214696796515         9.384602860224753
41.9616708859528          9.3823368636133
42.01119480394045         9.380069867793345
42.0607187219281          9.377804718749186
42.11024263991575         9.375542230654945
42.159766557903396        9.373280560731812
42.209290475891045        9.371017709670255
42.258814393878694        9.368755625420915
42.30833831186634         9.366496622472416
42.35786222985399         9.364239555598212
42.40738614784164         9.361981179321111
42.45691006582929         9.35972479487479
42.50643398381694         9.357471136465144
42.55595790180459         9.35521840987809
42.60548181979224         9.352964362352058
42.65500573777989         9.350710865597607
42.70452965576754         9.348460453580632
42.754053573755186        9.34621235757178
42.803577491742836        9.343962846237194
42.85310140973049         9.341715054003952
42.90262532771814         9.339469977154028
42.95214924570579         9.337225868896365
43.00167316369344         9.334980369603242
43.05119708168109         9.332735597562696
43.100720999668745        9.330494072692744
43.15024491765639         9.328255008977983
43.199768835644036        9.32601410723864
43.249292753631686        9.323774670635947
43.298816671619335        9.321537920775524
43.348340589606984        9.31930222939989
43.39786450759463         9.317065719806777
43.44738842558228         9.314830178582955
43.496912343569946        9.31259749158406
43.54643626155759         9.310367163963738
43.595960179545244        9.308134883911846
43.645484097532886        9.305904201638667
43.695008015520536        9.303676104540678
43.744531933508185        9.301448993546174
43.79405585149583         9.299220629909664
43.84357976948348         9.296993287476383
43.89310368747113         9.294769159891098
43.94262760545878         9.29254748265688
43.99215152344644         9.290324402200737
44.04167544143409         9.28810253232803
44.09119935942174         9.285882680765535
44.14072327740939         9.283663705827127
44.19024719539705         9.281444278734867
44.23977111338469         9.27922602752229
44.28929503137234         9.277010540583513
44.33881894935999         9.274797465509579
44.388342867347646        9.272582735769584
44.437866785335295        9.270369477266609
44.487390703322944        9.268158497256355
44.5369146213106          9.26594840131445
44.58643853929826         9.263737300858203
44.6359624572859          9.261527163743203
44.68548637527354         9.259320142360211
44.7350102932612          9.257115661450818
44.78453421124885         9.254909684927231
44.8340581292365          9.252704921549482
44.88358204722416         9.250502534829808
44.93310596521181         9.248301057889147
44.98262988319946         9.24609853477904
45.03215380118711         9.243897038662293
45.081677719174756        9.24169875686646
45.131201637162405        9.239502988398355
45.180725555150055        9.237305541212404
45.23024947313771         9.235109006375188
45.27977339112536         9.232915073878953
45.32929730911302         9.23072213621486
45.37882122710066         9.22852830537047
45.428345145088315        9.226335413933368
45.477869063075964        9.224145601630763
45.52739298106361         9.221958369704607
45.57691689905127         9.219770064004251
45.62644081703892         9.21758261574179
45.67596473502657         9.215397242915936
45.72548865301422         9.213212691493098
45.77501257100187         9.211027479205665
45.824536488989516        9.208843256524215
45.874060406977165        9.206661861958253
45.92358432496482         9.204482857067932
45.97310824295247         9.202302900643382
46.02263216094012         9.200123635716555
46.07215607892777         9.197947071598119
46.12167999691542         9.19577174399886
46.17120391490307         9.19359522257968
46.220727832890724        9.191418912946816
46.27025175087837         9.189245768382646
46.31977566886603         9.187075263597054
46.36929958685367         9.184904218593873
46.41882350484133         9.182733896575188
46.46834742282898         9.18056564510074
46.517871340816626        9.178398187727572
46.56739525880428         9.17622996346107
46.61691917679193         9.174062674301691
46.66644309477959         9.171898300164518
46.71596701276724         9.169736289942845
46.76549093075489         9.167573858620413
46.815014848742535        9.165411705860942
46.864538766730185        9.163251786856767
46.914062684717834        9.161092614365451
46.96358660270549         9.158932974297942
47.01311052069314         9.156774393421253
47.06263443868079         9.154618497101957
47.112158356668445        9.152464911625444
47.1616822746561          9.150311051478473
47.21120619264374         9.148157519569393
47.260730110631386        9.146006243135826
47.31025402861904         9.14385572544014
47.35977794660669         9.141704539272974
47.40930186459435         9.139554071089922
47.458825782582004        9.137406497568664
47.50834970056965         9.135261349644404
47.5578736185573          9.133116127861108
47.60739753654495         9.130970768029469
47.6569214545326          9.128827313997025
47.70644537252025         9.126684889237229
47.7559692905079          9.124542880610285
47.805493208495555        9.122402010354532
47.855017126483204        9.120263455768997
47.90454104447086         9.11812573842917
47.9540649624585          9.11598718360955
48.00358888044616         9.113849405405308
48.05311279843381         9.111714416438575
48.10263671642146         9.10958112403877
48.152160634409114        9.107446985911594
48.20168455239676         9.105314644043824
48.25120847038442         9.10318482216713
48.30073238837207         9.10105596555842
48.350256306359725        9.098926152408971
48.39978022434737         9.09679687392333
48.449304142335016        9.094670348567323
48.498828060322666        9.09254573056998
48.54835197831032         9.090419944155082
48.59787589629797         9.088295972594421
48.647399814285635        9.086174610076236
48.69692373227328         9.08405426975588
48.74644765026093         9.081932841049658
48.795971568248575        9.079811921851768
48.845495486236224        9.077693832531644
48.89501940422387         9.075577910031535
48.94454332221152         9.073460737522824
48.99406724019918         9.071345086415137
49.04359115818683         9.069231942597492
49.093115076174485        9.067119817714815
49.142638994162134        9.065006643963386
49.19216291214978         9.06289419558587
49.24168683013743         9.060784577987473
49.29121074812508         9.05867720892911
49.34073466611273         9.056568620460816
49.39025858410038         9.05446121620422
49.43978250208803         9.052356101226536
49.48930642007568         9.050251983756814
49.538830338063335        9.048146977264118
49.588354256050984        9.046042954453654
49.63787817403863         9.043941673397219
49.68740209202629         9.041842630379033
49.736926010013946        9.039742047175267
49.78644992800159         9.037643007640158
49.83597384598923         9.035546434387747
49.885497763976886        9.033450967948601
49.935021681964535        9.031354382738959
49.98454559995219         9.029258544872762
50.03406951793985         9.027165586765216
50.0835934359275          9.025074937421012
50.13311735391515         9.02298286856125
50.182641271902796        9.020892098266916
50.232165189890445        9.018803560105809
50.281689107878094        9.016716036210141
50.33121302586574         9.01462767392063
50.3807369438534          9.012540211285389
50.43026086184105         9.010455576009083
50.479784779828705        9.008373291770864
50.52930869781635         9.006289690019322
50.578832615804004        9.004207333724402
50.62835653379165         9.002127083671436
50.6778804517793          9.000047770223524
50.72740436976696         8.997967596118839
50.77692828775461         8.995888361796522
50.826452205742264        8.993812031606863
50.87597612372991         8.991738098779875
50.92550004171757         8.989662921254032
50.97502395970521         8.987588783612264
51.02454787769286         8.98551667595797
51.07407179568051         8.98344543062042
51.123595713668166        8.9813735372572
51.173119631655815        8.979302740908311
51.22264354964348         8.977234892687909
51.27216746763112         8.97516942813806
51.32169138561878         8.973102392556841
51.37121530360642         8.971036143641042
51.42073922159407         8.968972255896894
51.47026313958172         8.966909361501019
51.519787057569374        8.964845758456605
51.56931097555702         8.962783092086443
51.61883489354467         8.960723300328404
51.66835881153233         8.958665906677114
51.71788272951998         8.956607562574453
51.76740664750763         8.95454998988987
51.81693056549528         8.952494288264196
51.866454483482926        8.950439428708517
51.915978401470575        8.948384065595334
51.96550231945823         8.946329698202598
52.01502623744588         8.944278024103092
52.06455015543354         8.942228596839305
52.114074073421186        8.940178238717165
52.163597991408835        8.938128497672288
52.213121909396484        8.936081258949974
52.262645827384134        8.934035277981527
52.31216974537179         8.931988320065727
52.36169366335944         8.929941630359044
52.411217581347096        8.927897902184034
52.460741499334745        8.925856647533879
52.510265417322394        8.923814916733978
52.55978933531004         8.921773832329697
52.60931325329769         8.919734613744264
52.65883717128534         8.917696223140917
52.708361089273           8.915657231756413
52.75788500726065         8.913619162922028
52.8074089252483          8.91158385912633
52.856932843235946        8.909550758533815
52.906456761223595        8.90751702611516
52.955980679211244        8.905483645819233
53.00550459719889         8.90345252235091
53.05502851518655         8.901422359136697
53.1045524331742          8.899391663820671
53.15407635116185         8.89736168021694
53.2036002691495          8.895334383417108
53.253124187137146        8.893309343728303
53.3026481051248          8.89128417020554
53.35217202311245         8.889259021284555
53.40169594110011         8.887236093003533
53.45121985908776         8.885214312906406
53.50074377707541         8.883191950190673
53.550267695063056        8.881170013473895
53.599791613050705        8.879150874991131
53.649315531038354        8.877134049274858
53.69883944902601         8.87511725137708
53.74836336701366         8.873100411163064
53.79788728500132         8.871085138282098
53.847411202988965        8.869070859953267
53.89693512097662         8.867057109693516
53.946459038964264        8.865044460864873
53.99598295695191         8.863034009763583
54.04550687493956         8.861024365706156
54.09503079292722         8.859014011903572
54.14455471091487         8.857004448595319
54.19407862890252         8.85499742663914
54.24360254689017         8.852992074560188
54.29312646487782         8.85098617356584
54.34265038286547         8.848981745472738
54.39217430085312         8.846979583881211
54.44169821884077         8.844978159436097
54.49122213682842         8.8429759899686
54.540746054816076        8.840974716413427
54.590269972803725        8.838975896449208
54.63979389079138         8.836978608183294
54.68931780877903         8.834980433604564
54.73884172676668         8.832984006821945
54.78836564475433         8.830990101614763
54.83788956274198         8.828997187187145
54.887413480729634        8.827003264309942
54.93693739871728         8.82500984383913
54.98646131670494         8.823018964840008
55.03598523469259         8.821029948667363
55.08550915268024         8.819039973304626
55.13503307066789         8.817051491620564
55.18455698865554         8.815065383363049
55.234080906643186        8.813080264492722
55.28360482463084         8.811094286489043
55.33312874261849         8.809109047131955
55.38265266060614         8.807126341321862
55.4321765785938          8.805145608390143
55.48170049658145         8.803163685349585
55.531224414569095        8.8011831579135
55.58074833255674         8.799204896587907
55.630272250544394        8.797227687238658
55.679796168532036        8.795249835775019
55.7293200865197          8.79327279811086
55.778844004507356        8.791298136613849
55.828367922495005        8.789325435423569
55.877891840482654        8.787351482653786
55.9274157584703          8.785379046861866
55.97693967645795         8.783408927517593
56.0264635944456          8.781439890149864
56.07598751243325         8.77946990773664
56.12551143042091         8.777500692747708
56.17503534840856         8.775534056724581
56.22455926639621         8.773569433317078
56.27408318438386         8.771603747029545
56.32360710237151         8.769639298878081
56.37313102035917         8.76767689883547
56.42265493834681         8.76571546251839
56.472178856334466        8.76375335068223
56.52170277432211         8.76179218349487
56.57122669230976         8.759833638531088
56.62075061029741         8.75787717842241
56.67027452828506         8.75591954911889
56.71979844627271         8.753963117984489
56.76932236426036         8.752008692537146
56.81884628224802         8.750055193673655
56.86837020023567         8.748100998367093
56.917894118223316        8.746147763801842
56.96741803621097         8.744197196868756
57.016941954198614        8.742248751426418
57.066465872186264        8.740299390244378
57.11598979017392         8.738350964171328
57.16551370816156         8.736404274845658
57.215037626149226        8.734458358711015
57.264561544136875        8.732512010171506
57.314085462124524        8.730566855378777
57.36360938011218         8.728624469679927
57.41313329809982         8.726684223434269
57.46265721608748         8.724742639954972
57.51218113407513         8.722801774388374
57.56170505206278         8.720862969612956
57.61122897005043         8.718925178245797
57.66075288803808         8.716987100275755
57.71027680602573         8.715049995261351
57.75980072401338         8.713115282362152
57.80932464200103         8.711182544726396
57.85884855998869         8.70924909448158
57.908372477976336        8.707316581822763
57.957896395963985        8.705385998321336
58.00742031395164         8.70345662571965
58.0569442319393          8.70152670285439
58.10646814992694         8.699597171923978
58.15599206791458         8.69767006509328
58.20551598590224         8.695744874064545
58.25503990388988         8.693819445172936
58.304563821877544        8.691894690521
58.3540877398652          8.689971760130323
58.40361165785285         8.688049861519382
58.4531355758405          8.686127533018464
58.50265949382815         8.684205913537758
58.5521834118158          8.682286812590363
58.601707329803446        8.680369758943293
58.651231247791095        8.67845252471815
58.70075516577875         8.676535747689991
58.7502790837664          8.674620629698637
58.79980300175406         8.672706379079997
58.849326919741706        8.670791951450605
58.898850837729356        8.668878475494479
58.948374755717005        8.66696742715268
58.997898673704654        8.665058318428343
59.04742259169231         8.66314882515913
59.09694650967996         8.661239735838626
59.146470427667616        8.6593326334046
59.195994345655265        8.657426406429487
59.245518263642914        8.655519696191499
59.29504218163056         8.6536137138258
59.34456609961822         8.65171031112016
59.39409001760586         8.649808931082225
59.44361393559352         8.647907494148232
59.49313785358117         8.646006226219471
59.54266177156883         8.644106962917819
59.59218568955647         8.642208780610382
59.64170960754413         8.640310169634017
59.69123352553177         8.638412084733114
59.74075744351942         8.636516621979467
59.79028136150707         8.63462318893218
59.839805279494726        8.632729658684859
59.889329197482375        8.630836204749372
59.938853115470025        8.628944363371893
59.988377033457674        8.627053678660838
60.03790095144532         8.625163477466808
60.08742486943297         8.62327426756349
60.13694878742062         8.62138712933635
60.18647270540828         8.619500621129118
60.23599662339593         8.617613374438871
60.285520541383576        8.615727025251962
60.335044459371225        8.613843086637472
60.384568377358875        8.611960625439774
60.43409229534653         8.610077655570844
60.48361621333418         8.608196412732635
60.53314013132183         8.606317469070548
60.582664049309486        8.604439257910423
60.63218796729714         8.602560114328197
60.681711885284784        8.600681620467682
60.731235803272426        8.598805534248262
60.78075972126008         8.596930992472698
60.830283639247725        8.595055702353152
60.87980755723539         8.593182157448327
60.929331475223044        8.59131102604165
60.978855393210694        8.589440703336141
61.02837931119834         8.587569277476467
61.07790322918599         8.585698442314223
61.12742714717364         8.583830152890473
61.17695106516129         8.581963669590674
61.22647498314894         8.580096239711866
61.275998901136596        8.578230266264635
61.325522819124245        8.576366630661486
61.3750467371119          8.574503821568314
61.42457065509955         8.572640034017438
61.4740945730872          8.570777030803903
61.52361849107485         8.568916520649712
61.5731424090625          8.56705796227046
61.622666327050155        8.565198643826097
61.672190245037804        8.563340473624503
61.72171416302546         8.561484301343429
61.77123808101311         8.559628902988273
61.82076199900076         8.557772682403424
61.87028591698841         8.555917475967718
61.919809834976064        8.55406471472975
61.969333752963706        8.55221386440907
62.01885767095136         8.550361923240702
62.06838158893901         8.548511479278702
62.117905506926675        8.546663285109254
62.16742942491432         8.544816015816266
62.216953342901974        8.542967651193962
62.266477260889616        8.541120057872586
62.316001178877265        8.53927500883845
62.365525096864914        8.537431931838244
62.41504901485257         8.535587874496606
62.46457293284022         8.533745099248707
62.51409685082787         8.531904316624942
62.563620768815525        8.530064335561159
62.613144686803174        8.52822352826191
62.662668604790824        8.526383695202199
62.712192522778466        8.5245464739113
62.76171644076612         8.522711278933121
62.81124035875377         8.5208750173356
62.86076427674143         8.51903998985487
62.910288194729084        8.517206907556666
62.95981211271673         8.515374588151099
63.00933603070438         8.513541429163164
63.05885994869203         8.511709223326717
63.108383866679674        8.509879642821353
63.15790778466733         8.508052124786339
63.207431702654986        8.506223842057452
63.256955620642636        8.504396593540859
63.3064795386303          8.502570965799762
63.35600345661794         8.500745939625872
63.40552737460559         8.498920399919212
63.45505129259324         8.497095982012056
63.50457521058089         8.495274086139638
63.55409912856854         8.49345420169368
63.60362304655619         8.491633671420324
63.653146964543836        8.48981405605786
63.702670882531486        8.487996092100868
63.752194800519135        8.486178813825756
63.801718718506784        8.484360962646795
63.85124263649444         8.482544121569509
63.90076655448209         8.480729804571524
63.950290472469746        8.478917489627623
63.999814390457395        8.477104566020397
64.04933830844504         8.47529244879614
64.0988622264327          8.47348204330608
64.14838614442036         8.471672319451507
64.197910062408           8.469862052221227
64.24743398039566         8.46805277649528
64.2969578983833          8.46624605010179
64.34648181637095         8.464441311538689
64.3960057343586          8.46263601531656
64.44552965234625         8.460831457780492
64.49505357033391         8.45902887417428
64.54457748832155         8.457227183036533
64.5941014063092          8.455424644508595
64.64362532429686         8.453622709910425
64.69314924228452         8.451823425909112
64.74267316027216         8.45002623467897
64.79219707825982         8.448228624217615
64.84172099624746         8.446431790784278
64.89124491423512         8.444636730825174
64.94076883222277         8.442842435041493
64.99029275021043         8.441047507721477
65.03981666819807         8.439253276317737
65.08934058618571         8.437461557844046
65.13886450417337         8.43567188298213
65.18838842216101         8.433882194026555
65.23791234014867         8.432092898915052
65.28743625813631         8.430305391275473
65.33696017612397         8.428518636931196
65.38648409411161         8.426731297335078
65.43600801209926         8.424944630056025
65.48553193008692         8.42316046966309
65.53505584807456         8.42137832416418
65.58457976606222         8.41959621929931
65.63410368404988         8.417814331892584
65.68362760203752         8.41603438588674
65.73315152002517         8.414255414229434
65.78267543801283         8.412475828812907
65.83219935600047         8.410696654931819
65.88172327398813         8.408920079259367
65.93124719197579         8.407145549010094
65.98077110996343         8.405371048163628
66.03029502795108         8.403596719822211
66.07981894593874         8.401823927192494
66.12934286392638         8.400052134081246
66.17886678191402         8.39828056261644
66.22839069990168         8.396509840294074
66.27791461788932         8.394741226662124
66.32743853587698         8.392973388227517
66.37696245386464         8.391204989937544
66.42648637185229         8.389437445110055
66.47601028983993         8.38767218397411
66.52553420782759         8.385908335557323
66.57505812581523         8.384143896210654
66.62458204380289         8.382380891315613
66.67410596179054         8.380620076358426
66.7236298797782          8.3788600226793
66.77315379776584         8.377099337581784
66.8226777157535          8.375339438247243
66.87220163374114         8.373581722833892
66.9217255517288          8.371825366183273
66.97124946971644         8.370068260200073
67.0207733877041          8.368312737369477
67.07029730569175         8.366559556586846
67.1198212236794          8.364807267660549
67.16934514166705         8.363054084929978
67.21886905965471         8.361301464679697
67.26839297764236         8.359551172928217
67.31791689563            8.357802558212304
67.36744081361766         8.356053103914045
67.4169647316053          8.354304955751635
67.46648864959296         8.352559036824385
67.51601256758062         8.350814015751945
67.56553648556827         8.349068198365284
67.61506040355592         8.347323121186529
67.66458432154356         8.345580342516435
67.71410823953121         8.3438392570874
67.76363215751886         8.342097125485084
67.81315607550651         8.340356449239094
67.86267999349415         8.338618060478383
67.91220391148181         8.336880704131874
67.96172782946947         8.335142484918553
68.01125174745712         8.333404811645117
68.06077566544477         8.331669400952295
68.11029958343242         8.329935864761735
68.15982350142008         8.32820165628517
68.20934741940772         8.326468439250956
68.25887133739538         8.32473705997978
68.30839525538303         8.323006567491511
68.35791917337068         8.321275435830565
68.40744309135833         8.319545313656349
68.45696700934599         8.317817552605556
68.50649092733363         8.316091636675967
68.55601484532127         8.314364823241974
68.60553876330893         8.312639050091626
68.65506268129658         8.310915060910041
68.70458659928423         8.3091918725227
68.75411051727188         8.307468108035309
68.80363443525954         8.305745375788502
68.8531583532472          8.304025044697001
68.90268227123484         8.30230658490105
68.9522061892225          8.30058716740984
69.00173010721014         8.298868830394897
69.05125402519778         8.297152290855179
69.10077794318543         8.295436577821025
69.15030186117308         8.293720210940686
69.19982577916073         8.292004790497957
69.24934969714839         8.290291869398487
69.29887361513605         8.288580925877802
69.34839753312369         8.286869285414195
69.39792145111134         8.285158461928438
69.44744536909899         8.283449089074113
69.49696928708664         8.281740425175428
69.54649320507428         8.280031497646535
69.59601712306194         8.278323674277678
69.6455410410496          8.276618187362516
69.69506495903724         8.27491456831832
69.7445888770249          8.273210177288714
69.79411279501255         8.271506690069351
69.84363671300021         8.269804671260266
69.89316063098785         8.268103446800012
69.9426845489755          8.266401898832132
69.99220846696315         8.264701304655054
70.0417323849508          8.263003005014651
70.09125630293846         8.261306532800576
70.14078022092612         8.259609529798793
70.19030413891376         8.257913274096675
70.2398280569014          8.256218622859375
70.28935197488906         8.254524852524781
70.3388758928767          8.252830682539532
70.38839981086436         8.251137365086459
70.437923728852           8.249446409749137
70.48744764683966         8.247757334323996
70.53697156482731         8.24606792052826
70.58649548281497         8.244379061192054
70.63601940080261         8.242691868170757
70.68554331879027         8.24100549459615
70.73506723677792         8.23931845364154
70.78459115476556         8.237632134562906
70.83411507275322         8.235948441235708
70.88363899074088         8.234266738745722
70.93316290872852         8.232584282252718
70.98268682671618         8.23090229187765
71.03221074470383         8.22922219329466
71.08173466269147         8.22754296288869
71.13125858067912         8.225863342322302
71.18078249866677         8.224184624141891
71.23030641665443         8.222508394005827
71.27983033464207         8.220834115131076
71.32935425262973         8.219159407960626
71.37887817061738         8.217485197459183
71.42840208860504         8.21581260202098
71.47792600659268         8.214140764680172
71.52744992458034         8.212468543590578
71.57697384256798         8.210797066103508
71.62649776055564         8.209127933516175
71.6760216785433          8.20746068453328
71.72554559653094         8.20579354331139
71.77506951451859         8.204126614040616
71.82459343250625         8.202461261142961
71.87411735049389         8.20079667824443
71.92364126848153         8.199131713031141
71.97316518646919         8.197467418195052
72.02268910445683         8.195805440464838
72.07221302244449         8.194145316461341
72.12173694043214         8.192485394483354
72.1712608584198          8.19082561176551
72.22078477640744         8.189167514103593
72.2703086943951          8.187510374930211
72.31983261238274         8.185852919739487
72.3693565303704          8.18419589706867
72.41888044835805         8.182541260574647
72.4684043663457          8.180888561432361
72.51792828433335         8.17923593865605
72.567452202321           8.177583321962857
72.61697612030865         8.175932130933463
72.6665000382963          8.174282055756576
72.71602395628396         8.172632378310135
72.7655478742716          8.170983367217376
72.81507179225925         8.169336205405289
72.8645957102469          8.167689874092078
72.91411962823454         8.166043188476415
72.9636435462222          8.164397388275288
73.01316746420984         8.162753433112279
73.0626913821975          8.161110724276703
73.11221530018516         8.159467679305141
73.16173921817281         8.157825944632458
73.21126313616045         8.156186289716654
73.26078705414811         8.154547516729298
73.31031097213577         8.152908261069527
73.35983489012341         8.151269748968986
73.40935880811107         8.14963305495199
73.45888272609872         8.147997648352845
73.50840664408636         8.146361809554197
73.55793056207402         8.144727379558375
73.60745448006168         8.14309497685903
73.65697839804932         8.14146352537171
73.70650231603696         8.139831545549068
73.75602623402462         8.138200186103973
73.80555015201227         8.136570691680184
73.85507406999992         8.134942673554011
73.90459798798757         8.133314018026502
73.95412190597523         8.131686601278563
74.00364582396288         8.130061177241153
74.05316974195053         8.128436715752878
74.10269365993818         8.126811740084355
74.15221757792582         8.125187536916254
74.20174149591348         8.123565330679561
74.25126541390114         8.121944666798868
74.30078933188878         8.12032331493501
74.35031324987644         8.118703128555257
74.39983716786409         8.117084867686291
74.44936108585173         8.115467566245078
74.49888500383938         8.113849713365935
74.54840892182703         8.112232685205905
74.59793283981467         8.110617732010661
74.64745675780233         8.109004376798453
74.69698067578999         8.107390484135754
74.74650459377764         8.10577749884699
74.79602851176529         8.104166083002463
74.84555242975294         8.102555495229725
74.89507634774058         8.100944636266902
74.94460026572824         8.09933482816557
74.99412418371591         8.097727065991023
75.04364810170355         8.096120803466807
75.0931720196912          8.094513821703183
75.14269593767885         8.092907964417646
75.1922198556665          8.091303888182283
75.24174377365415         8.089700836402848
75.29126769164179         8.088097257541618
75.34079160962945         8.086494450996009
75.39031552761709         8.084893795900372
75.43983944560475         8.08329468707425
75.4893633635924          8.081694922588898
75.53888728158006         8.080096081669474
75.58841119956772         8.078498867455101
75.63793511755536         8.076902527677511
75.68745903554301         8.075305910212906
75.73698295353066         8.073710260179205
75.78650687151831         8.072116788730927
75.83603078950597         8.070524887808377
75.88555470749363         8.068932273399472
75.93507862548127         8.067340582109502
75.98460254346892         8.065750580931164
76.03412646145657         8.064161598487518
76.08365037944421         8.062572232785064
76.13317429743186         8.060983669693103
76.18269821541952         8.059397267874848
76.23222213340716         8.057812393625188
76.2817460513948          8.056227126530848
76.33126996938246         8.054642620369004
76.38079388737012         8.053059543733433
76.43031780535776         8.051477217287308
76.47984172334542         8.049894607614394
76.52936564133307         8.048312959768282
76.57888955932073         8.046733586819036
76.62841347730837         8.045155906840465
76.67793739529603         8.043577959144004
76.72746131328367         8.042000661065082
76.77698523127133         8.040424656930632
76.82650914925898         8.03884927079658
76.87603306724662         8.037273616882157
76.92555698523428         8.03569900215032
76.97508090322194         8.0341267371617
77.02460482120958         8.032556150579893
77.07412873919722         8.030985016663319
77.12365265718488         8.029414446419324
77.17317657517252         8.027845473009164
77.22270049316018         8.026277364240299
77.27222441114783         8.024709018174491
77.32174832913549         8.023141545472049
77.37127224712313         8.021576354094412
77.42079616511079         8.02001283805727
77.47032008309843         8.018449087724738
77.51984400108608         8.016885690501748
77.56936791907376         8.015323719587814
77.6188918370614          8.013762569851508
77.66841575504904         8.012201367433796
77.7179396730367          8.010641034797949
77.76746359102434         8.009082786971815
77.816987509012           8.00752605307658
77.86651142699964         8.005969130796124
77.91603534498729         8.004412731184072
77.96555926297493         8.002857874390017
78.01508318096259         8.001303846983342
78.06460709895025         7.999749614327278
78.1141310169379          7.998195987228973
78.16365493492556         7.9966446057202845
78.2131788529132          7.995094932073896
78.26270277090086         7.9935454771015655
78.3122266888885          7.991996039447776
78.36175060687616         7.990447770757731
78.41127452486381         7.988900550557986
78.46079844285147         7.987353842968582
78.51032236083911         7.985808062890716
78.55984627882677         7.984264048643768
78.60937019681441         7.982720590777106
78.65889411480205         7.981176725211912
78.70841803278971         7.979633772833987
78.75794195077737         7.978092628398
78.80746586876501         7.976552703768741
78.85698978675266         7.975012696636236
78.90651370474032         7.9734740478628225
78.95603762272796         7.971937229093052
79.00556154071562         7.9704009612338815
79.05508545870327         7.968864307240138
79.10460937669092         7.967328588661142
79.15413329467857         7.965794664106169
79.20365721266623         7.9642620039899255
79.25318113065387         7.962728803548849
79.30270504864153         7.961196946455751
79.35222896662917         7.959667040284857
79.40175288461683         7.958137805441375
79.45127680260447         7.956608020722251
79.50080072059212         7.955079068954746
79.55032463857978         7.953551909553821
79.59984855656742         7.952025993306383
79.64937247455507         7.950499741842238
79.69889639254272         7.948974934306551
79.74842031053036         7.947452075144669
79.79794422851802         7.94592998110739
79.84746814650568         7.944407188309906
79.89699206449333         7.942885047964709
79.94651598248097         7.941364738808294
79.99603990046863         7.939845872904586
80.04556381845627         7.938326528412493
80.09508773644393         7.93680848183717
80.1446116544316          7.935292335709158
80.19413557241924         7.93377697523014
80.24365949040688         7.932260968162081
80.29318340839454         7.930745767689455
80.34270732638218         7.929232529688496
80.39223124436984         7.927720781878257
80.44175516235748         7.926208487316267
80.49127908034514         7.924697427418539
80.54080299833278         7.923188225189199
80.59032691632044         7.9216798002962205
80.63985083430809         7.920170645391599
80.68937475229575         7.918662327301658
80.7388986702834          7.917156092080041
80.78842258827105         7.915651454267514
80.8379465062587          7.914146392489166
80.88747042424635         7.912642290688631
80.936994342234           7.911139682441289
80.98651826022166         7.909637696853401
81.03604217820931         7.908135260127086
81.08556609619696         7.906633874913904
81.13509001418461         7.905134538622672
81.18461393217225         7.90363671232925
81.2341378501599          7.9021382927671535
81.28366176814755         7.900641077163705
81.33318568613521         7.899145601738104
81.38270960412285         7.897650988459883
81.43223352211051         7.896155660111113
81.48175744009816         7.894661096725954
81.5312813580858          7.893168687098501
81.58080527607346         7.891677836275712
81.63032919406112         7.8901864383051175
81.67985311204876         7.888695977742573
81.72937703003642         7.887207004336527
81.77890094802407         7.885718674398183
81.82842486601172         7.88422992654645
81.87794878399937         7.882742182854623
81.92747270198701         7.881256638663797
81.97699661997467         7.879772696031476
82.02652053796231         7.878288204566722
82.07604445594997         7.876804652421224
82.12556837393763         7.875322628846
82.17509229192527         7.873841371029509
82.22461620991292         7.872359599361283
82.27414012790058         7.870878663029209
82.32366404588822         7.8693998956087885
82.37318796387588         7.867922701323033
82.42271188186353         7.86644514717122
82.47223579985118         7.864968410802128
82.52175971783883         7.863493109745876
82.57128363582649         7.862018436735191
82.62080755381413         7.860543304397119
82.67033147180179         7.859069097001598
82.71985538978944         7.857597165279301
82.76937930777709         7.856126919394741
82.81890322576473         7.854656466505893
82.86842714375238         7.853186779842339
82.91795106174003         7.8517184452847575
82.96747497972768         7.85025054189513
83.01699889771534         7.848782014517628
83.066522815703           7.847314441431647
83.11604673369064         7.845849326932313
83.1655706516783          7.844385989011956
83.21509456966594         7.842922212255645
83.26461848765359         7.841459041604099
83.31414240564125         7.839997399400509
83.36366632362889         7.838536459137595
83.41319024161655         7.8370750829612446
83.46271415960419         7.835614492827877
83.51223807759185         7.834156170027748
83.5617619955795          7.832699557580667
83.61128591356716         7.831242937770729
83.6608098315548          7.829786748750484
83.71033374954246         7.828331790440618
83.7598576675301          7.82687732891166
83.80938158551774         7.825422622467465
83.8589055035054          7.82396887901328
83.90842942149305         7.822517291330109
83.9579533394807          7.821067268914619
84.00747725746835         7.819617097324991
84.05700117545601         7.8181674978252245
84.10652509344365         7.816719411776783
84.1560490114313          7.815272080015364
84.20557292941896         7.813824360863052
84.2550968474066          7.812377161472204
84.30462076539426         7.810932237930171
84.35414468338192         7.809489044505357
84.40366860136956         7.808045961549338
84.45319251935722         7.806602853419089
84.50271643734486         7.805161205271483
84.55224035533251         7.803720745614439
84.60176427332016         7.802280466850948
84.65128819130781         7.800840711104866
84.70081210929547         7.799402682122109
84.75033602728311         7.797965411022502
84.79985994527077         7.796527988055618
84.84938386325842         7.79509141713478
84.89890778124607         7.7936564609498165
84.94843169923372         7.792222613563153
84.99795561722138         7.790788591560938
85.04747953520902         7.789355726838833
85.09700345319668         7.787924640698607
85.14652737118433         7.786494254611457
85.19605128917198         7.785063713216358
85.24557520715963         7.783634079651175
85.29509912514729         7.782206089093672
85.34462304313493         7.7807792546146235
85.39414696112259         7.779351819398413
85.44367087911023         7.777925546861913
85.49319479709787         7.776501185328002
85.54271871508553         7.775077623727327
85.59224263307317         7.773653698584023
85.64176655106084         7.772230551345514
85.69129046904848         7.77080906948845
85.74081438703614         7.7693887606134
85.79033830502378         7.767968055940958
85.83986222301144         7.766548583640101
85.88938614099911         7.765130980526002
85.93891005898675         7.763714294995543
85.9884339769744          7.762297244934167
86.03795789496205         7.760880839780403
86.08748181294969         7.75946602957506
86.13700573093735         7.758052517861776
86.18652964892499         7.756638432978085
86.23605356691264         7.7552255658860885
86.28557748490029         7.753814612864251
86.33510140288794         7.752404634095844
86.38462532087559         7.750994180615009
86.43414923886326         7.749584382637384
86.48361391734639         7.748178060396139
86.5330785958295          7.746773176694033
86.58254327431263         7.745367892031442
86.63200795279573         7.7439634192825135
86.68053390802038         7.742587095860833
86.729059863245           7.741211649899009
86.77758581846965         7.739836055792009
86.82611177369427         7.738461615931189
86.86886252916489         7.73725237161368
86.91161328463548         7.736044121231283
86.9543640401061          7.734835400903987
86.99711479557669         7.733627076938152
87.03212433679757         7.732638175948015
87.06713387801844         7.73165024033688
87.1021434192393          7.730662969493184
87.13715296046017         7.729675849231982
87.16582405375834         7.728867486604547
87.19449514705654         7.728059442649963
87.22316624035471         7.727252222447965
87.25183733365292         7.726445254944992
87.2753176621944          7.725784472238155
87.29879799073589         7.725123653576027
87.32227831927736         7.724462698160251
87.34575864781885         7.7238020696669425
87.36504017640543         7.7232600981664215
87.384321704992           7.722718388483564
87.40360323357858         7.722176628102179
87.42288476216514         7.721634632016129
87.43942953837801         7.721168991115242
87.45597431459089         7.720703857045278
87.47251909080376         7.720239823816665
87.48906386701663         7.719776955823318
