0                         8.762133590141865
0.03524658301099211       8.762464721138342
0.0704931660219842        8.762675979962774
0.10573974903297631       8.762856860399356
0.1409863320439684        8.763071034628425
0.18355084541119254       8.763339374058154
0.22611535877841665       8.763601936908065
0.2686798721456408        8.763860296626708
0.31124438551286493       8.764120054144728
0.3604596881747058        8.764424138298793
0.4096749908365468        8.76473014922975
0.45889029349838767       8.765036462940154
0.5081055961602287        8.765341916157965
0.5576886538865455        8.765650392418252
0.6072717116128625        8.765960125187995
0.6568547693391795        8.76627067017105
0.7064378270654965        8.766582527514
0.7560208847918135        8.766895129290141
0.8056039425181305        8.76720787352126
0.8551870002444475        8.76752183859742
0.9047700579707645        8.767835489424908
0.9543531156970813        8.768150149807962
1.0039361734233982        8.76846600674444
1.0535192311497152        8.768782295008995
1.1031022888760322        8.769099610405622
1.1526853466023494        8.769417687945074
1.2022684043286662        8.769736040058401
1.2518514620549832        8.770056121842334
1.3014345197813002        8.770375885028528
1.3510175775076174        8.770696362270218
1.4006006352339342        8.77101803260779
1.4501836929602512        8.771340304409607
1.499766750686568         8.771663625881995
1.5493498084128847        8.771987725976725
1.5989328661392017        8.772311966126193
1.6485159238655185        8.772637933589033
1.6980989815918355        8.772963687427808
1.7476820393181525        8.773290115807587
1.7972650970444692        8.773617592317478
1.846848154770786         8.77394540594738
1.896431212497103         8.774274299362599
1.9460142702234196        8.774604309443797
1.9955973279497368        8.774934522876134
2.045180385676054         8.775266293462124
2.0947634434023708        8.775597917454666
2.1443465011286875        8.775930233571923
2.1939295588550047        8.776263691570163
2.2435126165813215        8.77659753251811
2.2930956743076383        8.77693242559327
2.342678732033955         8.777268535121527
2.392261789760272         8.777604806001206
2.441844847486589         8.77794244987616
2.491427905212906         8.778279948680066
2.5410109629392226        8.778617898688745
2.59059402066554          8.778956970694802
2.6401770783918566        8.779296375972422
2.6897601361181733        8.779636808031555
2.73934319384449          8.779978591942669
2.788926251570807         8.780320582482254
2.8385093092971236        8.780663950827085
2.888092367023441         8.781007378257474
2.9376754247497576        8.781351336817615
2.987258482476075         8.781696485156903
3.036841540202391         8.782042113753562
3.0864245979287084        8.782388619873837
3.136007655655025         8.782736374622296
3.185590713381342         8.783084340046779
3.235173771107659         8.783433763269477
3.284756828833976         8.783783380105078
3.334339886560293         8.784133153071375
3.38392294428661          8.784483952551742
3.4335060020129267        8.784835043757568
3.483089059739244         8.785187072578454
3.5326721174655606        8.785540727658587
3.582255175191878         8.785894752486831
3.6318382329181946        8.786249992998485
3.6814212906445114        8.78660541184783
3.7310043483708286        8.786960938798046
3.780587406097145         8.78731758212601
3.830170463823462         8.787674541314505
3.879753521549779         8.788032322049524
3.9293365792760957        8.788391700761467
3.978919637002413         8.788751597301024
4.028502694728729         8.789112912745503
4.0780857524550465        8.789474550154342
4.127668810181364         8.789836030348974
4.17725186790768          8.790198671127227
4.226834925633997         8.79056195622873
4.276417983360314         8.790926029456957
4.326001041086631         8.79129142899994
4.375584098812948         8.791657134733642
4.425167156539265         8.792024189872553
4.4747502142655815        8.792391638836332
4.524333271991899         8.792758876707005
4.573916329718216         8.79312721177581
4.623499387444532         8.793496199362854
4.6730824451708495        8.79386589668076
4.722665502897167         8.794237002305609
4.772248560623483         8.794608605492382
4.821831618349799         8.794981688392744
4.871414676076117         8.7953554068379
4.920997733802433         8.795728718125778
4.97058079152875          8.796102961327952
5.020163849255067         8.796478027647295
5.0697469069813845        8.796853827851448
5.119329964707701         8.797230946801983
5.168913022434018         8.797608398292637
5.218496080160334         8.797986884539858
5.268079137886652         8.798366262222837
5.31766219561297          8.798745472814291
5.367245253339286         8.799125659639804
5.416828311065603         8.799506470770272
5.46641136879192          8.799887834895577
5.515994426518236         8.800270732640348
5.565577484244553         8.800654301324974
5.6151605419708694        8.801038988812593
5.664743599697187         8.80142467280483
5.714326657423503         8.801810044328207
5.76390971514982          8.802196157814434
5.8134927728761365        8.802582895604974
5.863075830602454         8.802970240162425
5.912658888328771         8.80335929707857
5.962241946055087         8.803749141153371
6.011825003781404         8.804139919247042
6.061408061507721         8.804531556428596
6.110991119234038         8.804922789555642
6.160574176960354         8.805314752006366
6.210157234686672         8.805707578360561
6.259740292412988         8.806101023917838
6.309323350139304         8.80649601291453
6.3589064078656214        8.806891634708983
6.408489465591938         8.807288090652172
6.458072523318255         8.807685615146932
6.507655581044571         8.808082973047084
6.5572386387708885        8.808480895471927
6.606821696497205         8.808879566543045
6.656404754223522         8.809279015717525
6.705987811949838         8.809680115507653
6.755570869676156         8.81008178312507
6.805153927402472         8.81048343780694
6.854736985128789         8.810886257341535
6.904320042855107         8.811289829687743
6.953903100581423         8.811694057860247
7.00348615830774          8.812098974222478
7.053069216034056         8.812503972408912
7.1026522737603734        8.812910725242132
7.15223533148669          8.813318508076541
7.201818389213006         8.813726494808355
7.251401446939322         8.814135559015398
7.300984504665639         8.81454525009007
7.350567562391956         8.81495533466096
7.400150620118272         8.815366136142021
7.4497336778445895        8.815777025977033
7.499316735570906         8.816189668753752
7.548899793297223         8.816603538123621
7.598482851023539         8.817017748219934
7.648065908749857         8.817432915060564
7.697648966476173         8.817848554970618
7.74723202420249          8.818264522086107
7.796815081928807         8.81868165260519
7.846398139655124         8.8190988023601
7.895981197381442         8.819517395077304
7.945564255107757         8.819937033474256
7.995147312834074         8.820356834435826
8.04473037056039          8.820777676456952
8.094313428286707         8.821199336579955
8.143896486013023         8.821621386469523
8.19347954373934          8.822044593327503
8.243062601465658         8.822467722230336
8.292645659191976         8.822892144957333
8.342228716918292         8.823317742269216
8.391811774644609         8.823743690406934
8.441394832370925         8.824170694180792
8.49097789009724          8.82459848984381
8.540560947823558         8.825026588299512
8.590144005549874         8.8254560114993
8.639727063276192         8.825885446750291
8.689310121002508         8.82631594491996
8.738893178728826         8.826747374883796
8.788476236455143         8.827178963463032
8.838059294181459         8.827611681424765
8.887642351907775         8.82804554764285
8.937225409634092         8.828479834703947
8.986808467360408         8.828915475192758
9.036391525086726         8.829350861242046
9.085974582813042         8.829787069512982
9.13555764053936          8.830224481051125
9.185140698265677         8.830662433615084
9.234723755991993         8.831101464128364
9.28430681371831          8.831541431309034
9.333889871444626         8.831981551458014
9.383472929170942         8.832423023963015
9.433055986897259         8.832864445960482
9.482639044623575         8.833306760382458
9.532222102349891         8.833750172403276
9.581805160076208         8.834193815353254
9.631388217802526         8.834638497906509
9.680971275528844         8.835084364732529
9.73055433325516          8.83553064546705
9.780137390981476         8.835978583160694
9.829720448707793         8.836426355677201
9.879303506434109         8.836874556733207
9.928886564160425         8.837323815383527
9.978469621886742         8.837773481333226
10.02805267961306         8.838224299735884
10.077635737339378        8.83867648963301
10.127218795065694        8.839129019465277
10.17680185279201         8.839582893643204
10.226384910518327        8.840036791106549
10.275967968244643        8.840491219598412
10.32555102597096         8.840946668992574
10.375134083697276        8.841402281468552
10.424717141423594        8.841858912077308
10.474300199149912        8.842317047012918
10.523883256876228        8.842775685752597
10.573466314602545        8.843235822301306
10.623049372328861        8.843695981851399
10.672632430055176        8.844156350243013
10.722215487781494        8.844617625274633
10.77179854550781         8.845079085289312
10.821381603234128        8.845541669222474
10.870964660960446        8.846006083575823
10.920547718686763        8.846471026363536
10.970130776413079        8.846937012168178
11.019713834139395        8.847403030069653
11.069296891865712        8.84786929294761
11.118879949592028        8.848336706124192
11.168463007318344        8.84880448026383
11.21804606504466         8.849273242300555
11.267629122770977        8.84974363351652
11.317212180497293        8.8502144608786
11.36679523822361         8.850686455979265
11.416378295949926        8.851158800333828
11.465961353676242        8.851631420883896
11.515544411402558        8.852105068044018
11.565127469128875        8.852578964752468
11.614710526855193        8.853053684224768
11.664293584581511        8.853530076373836
11.713876642307826        8.854006922006096
11.763459700034144        8.854484905715362
11.813042757760458        8.85496343783133
11.862625815486776        8.85544223298066
11.91220887321309         8.855921983048184
11.961791930939409        8.856401808715477
12.011374988665724        8.85688238986968
12.060958046392042        8.85736474383749
12.110541104118358        8.857847751733466
12.160124161844676        8.85833187958931
12.20970721957099         8.858816543071809
12.259290277297309        8.85930137345967
12.308873335023623        8.859787171362589
12.358456392749941        8.860273266949665
12.408039450476256        8.86076012245922
12.457622508202574        8.861248772567356
12.507205565928889        8.861738059117734
12.556788623655207        8.86222836873967
12.606371681381521        8.86271926538279
12.65595473910784         8.863210144580835
12.705537796834154        8.863702021888686
12.755120854560472        8.864194571198173
12.804703912286787        8.864687844212478
12.854286970013105        8.865182608100072
12.90387002773942         8.865677772179344
12.953453085465737        8.866173726836434
13.003036143192054        8.8666706587317
13.05261920091837         8.867167837172993
13.102202258644686        8.867665928193553
13.151785316371003        8.868164430310012
13.201368374097319        8.868663449423256
13.250951431823635        8.869164098530247
13.300534489549952        8.869665475148603
13.350117547276268        8.870167850116669
13.399700605002584        8.870671217248601
13.4492836627289          8.871174445227103
13.498866720455217        8.87167842168257
13.548449778181533        8.872182938191198
13.59803283590785         8.872688083118861
13.647615893634168        8.87319498375151
13.697198951360484        8.873702668180103
13.7467820090868          8.874211106834323
13.796365066813117        8.874720526793867
13.845948124539433        8.875229968363415
13.89553118226575         8.875740233463576
13.945114239992066        8.876251230144037
13.994697297718382        8.876762689108526
14.044280355444698        8.877275626176814
14.093863413171015        8.877789297352024
14.14344647089733         8.878303918339563
14.193029528623647        8.878819626326347
14.242612586349964        8.879335191442093
14.29219564407628         8.879851322041542
14.341778701802596        8.880368362414945
14.391361759528913        8.880886330072643
14.440944817255227        8.88140600462009
14.490527874981545        8.881926133170657
14.540110932707861        8.882446098736171
14.58969399043418         8.882967250014335
14.639277048160496        8.883489337425221
14.688860105886812        8.884012114031536
14.738443163613129        8.884535423533702
14.788026221339445        8.885058859111265
14.837609279065761        8.885583977369972
14.887192336792078        8.886110124295474
14.936775394518394        8.886636509745172
14.98635845224471         8.887164080316158
15.035941509971027        8.887692461441318
15.085524567697343        8.888221339692572
15.13510762542366         8.888750882805997
15.184690683149975        8.889280599706119
15.234273740876292        8.8898120637699
15.28385679860261         8.890344666881937
15.333439856328924        8.890877431250054
15.383022914055243        8.891411178063388
15.432605971781557        8.891945664815967
15.482189029507875        8.892480596189134
15.53177208723419         8.893016531531488
15.581355144960508        8.893552637026598
15.630938202686822        8.894090266010398
15.68052126041314         8.894628920132808
15.730104318139455        8.895167717833727
15.779687375865773        8.895707634320335
15.829270433592088        8.896248529666687
15.878853491318406        8.896789754863798
15.92843654904472         8.897331714133529
15.978019606771038        8.897873904341493
16.027602664497355        8.898417742207148
16.07718572222367         8.898962759734534
16.126768779949984        8.899507858807489
16.176351837676304        8.900053970476822
16.22593489540262         8.900601091053709
16.275517953128936        8.901148585764588
16.32510101085525         8.90169712846346
16.37468406858157         8.902245803266467
16.42426712630789         8.902795699832609
16.473850184034205        8.903346493195984
16.52343324176052         8.903897297189316
16.573016299486838        8.904449365858296
16.622599357213154        8.905002934643164
16.67218241493947         8.90555691978028
16.721765472665787        8.906111582528789
16.771348530392103        8.906666332698729
16.82093158811842         8.907222396673275
16.870514645844736        8.9077796861726
16.920097703571052        8.908337156725603
16.96968076129737         8.908895602005337
17.019263819023685        8.90945516006905
17.06884687675            8.910014959761302
17.118429934476318        8.91057586385309
17.168012992202634        8.911136957094156
17.21759604992895         8.911699182665743
17.267179107655267        8.91226241701618
17.316762165381583        8.91282561668386
17.3663452231079          8.913390009673522
17.415928280834216        8.913956058709553
17.465511338560532        8.914522616300886
17.515094396286848        8.915090127850778
17.564677454013164        8.915657699109287
17.61426051173948         8.916226121606307
17.663843569465797        8.916795641816284
17.713426627192113        8.917365348266873
17.76300968491843         8.917936139801325
17.812592742644746        8.918508408525442
17.862175800371062        8.919081088208774
17.91175885809738         8.919654880663748
17.961341915823695        8.92022893161361
18.010924973550008        8.920803755926455
18.060508031276328        8.921379493379664
18.110091089002644        8.921955159798898
18.159674146728964        8.922531878130155
18.20925720445528         8.923110339017622
18.258840262181597        8.92368942630195
18.308423319907916        8.924269613178371
18.35800637763423         8.924849856970312
18.407589435360546        8.925430474332062
18.457172493086862        8.926012203551878
18.506755550813182        8.926594363118467
18.556338608539495        8.92717763472748
18.60592166626581         8.927762560580913
18.655504723992127        8.92834793561877
18.705087781718447        8.928934286195261
18.75467083944476         8.929520990656814
18.804253897171076        8.930108216929517
18.853836954897393        8.930696470020836
18.903420012623712        8.931284889248188
18.953003070350025        8.93187420713828
19.00258612807634         8.932465232766374
19.052169185802658        8.933056844586012
19.101752243528978        8.933649590515113
19.15133530125529         8.934242704242155
19.200918358981607        8.934836055746121
19.250501416707923        8.935430366905255
19.300084474434243        8.936024859961092
19.349667532160556        8.936620309369875
19.399250589886872        8.937217706676101
19.44883364761319         8.937815812565779
19.49841670533951         8.938414801306283
19.54799976306582         8.93901440888422
19.597582820792137        8.93961444101925
19.647165878518457        8.940215319055048
19.696748936244774        8.940816114244814
19.74633199397109         8.941417645340778
19.795915051697406        8.942021108010445
19.845498109423723        8.942625416975341
19.89508116715004         8.943230804367175
19.944664224876355        8.943836807846179
19.99424728260267         8.944442993121308
20.043830340328988        8.945049967019765
20.093413398055304        8.945657068222232
20.14299645578162         8.94626502880455
20.192579513507937        8.946875091707424
20.242162571234253        8.947485973220228
20.29174562896057         8.948097550653596
20.341328686686886        8.948709745071872
20.390911744413202        8.949322245114274
20.44049480213952         8.949935705461076
20.490077859865835        8.950549396544096
20.53966091759215         8.951163732841403
20.589243975318468        8.951779926962093
20.638827033044784        8.952396895344487
20.6884100907711          8.953014595731307
20.737993148497416        8.953633202973121
20.787576206223733        8.954252180274164
20.83715926395005         8.954871945762143
20.886742321676365        8.955491932738115
20.936325379402682        8.95611254065509
20.985908437128998        8.956735143442707
21.035491494855314        8.957358600056383
21.08507455258163         8.957982662998825
21.134657610307947        8.958607650606215
21.184240668034263        8.959233012104923
21.23382372576058         8.959859215296657
21.283406783486896        8.960485874874852
21.332989841213216        8.961113092701197
21.38257289893953         8.961742077787974
21.43215595666585         8.962371747433941
21.48173901439216         8.963001906120267
21.53132207211848         8.963633189754042
21.580905129844798        8.964264965108486
21.630488187571114        8.964897501464451
21.680071245297427        8.965530346175331
21.729654303023747        8.966163690508314
21.77923736075006         8.966799020953479
21.82882041847638         8.967435307838786
21.878403476202692        8.968072118683303
21.927986533929012        8.968709820985774
21.977569591655328        8.969347753424977
22.02715264938164         8.969986329513937
22.076735707107957        8.970625661340055
22.126318764834274        8.971265896734119
22.17590182256059         8.971907958017882
22.225484880286906        8.972550501150767
22.275067938013223        8.973192766590392
22.32465099573954         8.973836337683116
22.374234053465855        8.9744811635545
22.42381711119217         8.975126650030877
22.473400168918488        8.97577235220169
22.5229832266448          8.976418401703718
22.572566284371117        8.977066351908967
22.622149342097433        8.977715398704841
22.671732399823753        8.978364640502463
22.721315457550066        8.979014999749023
22.77089851527638         8.979666180258127
22.820481573002695        8.980317815674601
22.87006463072901         8.980970010244791
22.919647688455328        8.98162258281717
22.969230746181644        8.982277036850268
23.01881380390796         8.982932609933767
23.068396861634277        8.983588190396443
23.117979919360593        8.984244730205173
23.16756297708691         8.98490215782635
23.217146034813226        8.985560136074136
23.266729092539542        8.98621898182863
23.316312150265855        8.98687808116657
23.365895207992168        8.987538675968562
23.415478265718484        8.988200342025003
23.4650613234448          8.988862221983792
23.514644381171117        8.989525238720518
23.564227438897433        8.99018927472217
23.61381049662375         8.990853705531133
23.663393554350066        8.991518898351254
23.712976612076382        8.992184481872238
23.762559669802698        8.992851784683465
23.812142727529015        8.993520271901724
23.86172578525533         8.99418875981298
23.911308842981644        8.994858215961756
23.960891900707963        8.99552879027603
24.010474958434276        8.996199748545859
24.060058016160596        8.996871499457658
24.10964107388691         8.997543536529083
24.159224131613225        8.998216978105681
24.208807189339538        8.998891462427041
24.258390247065854        8.999566029218053
24.30797330479217         9.000241841914713
24.357556362518487        9.000919086658715
24.407139420244803        9.001596708022527
24.45672247797112         9.00227484298313
24.506305535697436        9.00295324677273
24.555888593423752        9.003633147842041
24.60547165115007         9.004314181472408
24.655054708876385        9.00499513499533
24.704637766602698        9.00567722154734
24.75422082432901         9.006360821977147
24.80380388205533         9.007044905554416
24.853386939781643        9.007729791993151
24.902969997507963        9.00841496490589
24.95255305523428         9.009101331071438
25.002136112960592        9.009788664279132
25.05171917068691         9.01047590728118
25.101302228413225        9.01116434467904
25.15088528613954         9.011854504125866
25.200468343865857        9.012545091371535
25.250051401592174        9.013236199411429
25.299634459318487        9.013927724826862
25.349217517044803        9.014620609932047
25.39880057477112         9.015314614554766
25.44838363249744         9.01600850701606
25.497966690223752        9.016703470779516
25.547549747950065        9.017400151990092
25.59713280567638         9.01809733785359
25.646715863402697        9.018795299463784
25.696298921129014        9.019493649404172
25.74588197885533         9.020192972798935
25.795465036581646        9.02089314106725
25.845048094307963        9.021593101351348
25.89463115203428         9.022294243177729
25.9442142097606          9.022997460368336
25.99379726748691         9.0237013329914
26.043380325213228        9.02440565942432
26.09296338293954         9.025110336278102
26.142546440665857        9.025815994226392
26.192129498392173        9.026522747144925
26.24171255611849         9.027229502939697
26.291295613844806        9.027937270724864
26.34087867157112         9.028646907914656
26.390461729297435        9.029357144431994
26.44004478702375         9.03006814057568
26.489627844750068        9.030779699348733
26.539210902476384        9.031492086194168
26.5887939602027          9.032205410338134
26.638377017929017        9.032918619541173
26.687960075655333        9.033632796061523
26.73754313338165         9.034349040643413
26.787126191107966        9.035065954241952
26.836709248834282        9.035783400880439
26.886292306560595        9.03650129545082
26.935875364286908        9.037219895541412
26.985458422013224        9.0379395647212
27.03504147973954         9.038659310252456
27.084624537465857        9.039379972938471
27.134207595192173        9.040102626924133
27.18379065291849         9.040825999537116
27.233373710644805        9.041549977019278
27.282956768371122        9.042274531234584
27.332539826097438        9.042999784159992
27.382122883823754        9.043726123796981
27.43170594155007         9.044452508479434
27.481288999276384        9.045179605077884
27.5308720570027          9.045908602818153
27.580455114729016        9.046638349413147
27.63003817245533         9.047368977547539
27.67962123018165         9.048100340874797
27.72920428790796         9.048832151269599
27.778787345634278        9.04956486903507
27.828370403360594        9.050297715547659
27.87795346108691         9.05103142071852
27.927536518813227        9.051767211807388
27.977119576539543        9.052503784469641
28.02670263426586         9.053240838706824
28.076285691992176        9.053978540485273
28.125868749718492        9.054716869721755
28.17545180744481         9.055456207471005
28.225034865171125        9.056195589853136
28.274617922897438        9.056935598921685
28.324200980623754        9.057677648589033
28.37378403835007         9.058420754699233
28.423367096076387        9.059164719887857
28.472950153802703        9.059909461189951
28.522533211529016        9.06065436750387
28.572116269255332        9.061399979713826
28.62169932698165         9.06214580565042
28.671282384707965        9.062892378613707
28.72086544243428         9.06364117584871
28.770448500160597        9.064391081213428
28.82003155788691         9.06514154156339
28.869614615613227        9.065892829841347
28.919197673339543        9.066644632426959
28.96878073106586         9.067397200157535
29.018363788792175        9.068150016463942
29.067946846518492        9.068903386569211
29.117529904244805        9.069658779984122
29.16711296197112         9.070415115041818
29.216696019697437        9.071171986112484
29.266279077423754        9.07192984052699
29.315862135150073        9.07268814374247
29.365445192876386        9.073447006509992
29.415028250602703        9.074206166246586
29.46461130832902         9.07496621383497
29.514194366055335        9.075728427977547
29.56377742378165         9.076491311161535
29.613360481507968        9.077253921883381
29.66294353923428         9.07801774462963
29.712526596960597        9.078782783823844
29.762109654686913        9.079548501392605
29.811692712413233        9.080314399596697
29.861275770139546        9.08108096042396
29.91085882786586         9.081849710168914
29.960441885592175        9.082619397369477
30.01002494331849         9.083388927862579
30.059608001044808        9.084159692334811
30.10919105877112         9.084931708872562
30.15877411649744         9.085704254072754
30.208357174223757        9.086476719959947
30.257940231950073        9.087249718698251
30.30752328967639         9.08802498199949
30.357106347402706        9.08880130542905
30.406689405129022        9.089577410942598
30.456272462855335        9.090354587902365
30.50585552058165         9.091132899752829
30.555438578307964        9.091911781991735
30.60502163603428         9.092691056508713
30.654604693760596        9.093470925608308
30.704187751486913        9.094252846491711
30.75377080921323         9.095035870136382
30.803353866939545        9.095818735782593
30.852936924665862        9.096602655823489
30.90251998239218         9.097387826308694
30.952103040118494        9.098173480771475
31.00168609784481         9.098959402461846
31.051269155571124        9.099745951201006
31.100852213297436        9.100534534720607
31.150435271023756        9.101324225257363
31.200018328750073        9.102113719055666
31.24960138647639         9.10290427133574
31.29918444420271         9.103696132627318
31.348767501929018        9.104488540302544
31.398350559655334        9.10528142347406
31.44793361738165         9.106074833484845
31.497516675107967        9.106869949653765
31.547099732834283        9.107665905588071
31.5966827905606          9.108461538694618
31.646265848286916        9.109258420955507
31.695848906013232        9.110056991974508
31.74543196373955         9.110856187824266
31.79501502146586         9.111655635592387
31.844598079192178        9.112455583488893
31.894181136918487        9.113257279100475
31.943764194644807        9.114060174835704
31.993347252371123        9.114863011028477
32.04293031009744         9.11566695474639
32.092513367823756        9.116472345206654
32.14209642555007         9.117278197181628
32.19167948327639         9.118084540507102
32.241262541002705        9.118891280696177
32.29084559872902         9.119699551771584
32.34042865645534         9.120508891444835
32.390011714181654        9.121318009769425
32.43959477190797         9.122128273462767
32.48917782963428         9.122940230511254
32.538760887360596        9.123752786206847
32.58834394508691         9.124565857364544
32.63792700281323         9.125379393331905
32.68751006053955         9.12619432088603
32.73709311826586         9.127010389630808
32.78667617599218         9.1278264580496
32.83625923371849         9.128643570307624
32.88584229144481         9.129462224098415
32.935425349171126        9.130281342435778
32.98500840689744         9.131101163169925
33.03459146462376         9.131921612415013
33.08417452235007         9.132743443675844
33.13375758007639         9.133566204822653
33.18334063780271         9.134388584117291
33.232923695529024        9.135212072971674
33.28250675325534         9.136037585419068
33.33208981098166         9.136863855769287
33.381672868707966        9.137690621330389
33.43125592643428         9.138517926025722
33.4808389841606          9.139346344381346
33.530422041886915        9.140175620606078
33.58000509961323         9.141004662931339
33.62958815733955         9.141834854820223
33.679171215065864        9.1426671517186
33.72875427279218         9.143500187233213
33.7783373305185          9.144333583869933
33.82792038824481         9.145167570227974
33.87750344597112         9.146002734739335
33.92708650369744         9.146838748968799
33.976669561423755        9.147674425506704
34.02625261915007         9.14851123364463
34.07583567687639         9.149350350358738
34.125418734602704        9.150190384424528
34.17500179232902         9.15103082259872
34.22458485005534         9.151871799959505
34.27416790778165         9.152713714218134
34.32375096550797         9.153556441437345
34.373334023234285        9.154398873823839
34.4229170809606          9.155242369082103
34.47250013868692         9.156088219520841
34.522083196413234        9.156934945020524
34.57166625413955         9.157781858743817
34.62124931186587         9.15862934608572
34.67083236959218         9.159478004766251
34.7204154273185          9.160327809545109
34.76999848504481         9.161177382110528
34.819581542771125        9.162027699576111
34.869164600497434        9.162880153835598
34.91874765822376         9.163733392008538
34.968330715950074        9.164587051748935
35.01791377367639         9.16544154844508
35.06749683140271         9.166297083036303
35.11707988912902         9.167153397534067
35.16666294685534         9.16800936990347
35.216246004581656        9.168866325961506
35.26582906230797         9.169725845740585
35.31541212003429         9.170586357638996
35.364995177760605        9.171447016286374
35.41457823548692         9.172308249653012
35.46416129321323         9.173170407165891
35.51374435093955         9.174033613547525
35.56332740866586         9.174896864986268
35.61291046639218         9.175760816628921
35.6624935241185          9.176626994355388
35.71207658184481         9.177494052027095
35.76165963957113         9.178361429290225
35.811242697297445        9.179229541234678
35.86082575502376         9.180098530774538
35.91040881275008         9.180968423567833
35.959991870476394        9.181838177029645
36.00957492820271         9.182708554755404
36.059157985929026        9.183581342431461
36.10874104365534         9.184455269025365
36.15832410138165         9.185329632602809
36.20790715910797         9.18620474300767
36.257490216834285        9.187080563427214
36.3070732745606          9.18795712837038
36.35665633228692         9.188833632662309
36.40623939001323         9.18971083318992
36.45582244773955         9.190590465643195
36.505405505465866        9.191471364491917
36.55498856319218         9.192352660135512
36.6045716209185          9.193234692366971
36.654154678644815        9.194117493310571
36.70373773637113         9.195000964194357
36.75332079409745         9.195884414883608
36.802903851823764        9.196768477352043
36.85248690955007         9.197654996215334
36.90206996727639         9.198542817586965
36.951653025002706        9.19943118267763
37.00123608272902         9.20032026297792
37.05081914045534         9.201209656946714
37.100402198181655        9.20209964942851
37.14998525590797         9.20299017759564
37.19956831363429         9.203881711664298
37.249151371360604        9.204775378392121
37.29873442908692         9.205669551967443
37.34831748681324         9.206563421302182
37.39790054453955         9.207458899157952
37.44748360226587         9.208356027922065
37.497066659992186        9.20925368121478
37.5466497177185          9.210150939449948
37.59623277544481         9.211048766523515
37.64581583317113         9.211948791110151
37.695398890897444        9.21284997117815
37.74498194862376         9.213751212865638
37.794565006350076        9.214653573177426
37.844148064076386        9.215556975713755
37.89373112180271         9.216460956325673
37.943314179529025        9.21736524483893
37.99289723725534         9.218270443971367
38.04248029498166         9.219177890210405
38.092063352707974        9.220086217696396
38.14164641043429         9.220994066533253
38.19122946816061         9.221903044728993
38.24081252588692         9.222813527158385
38.29039558361323         9.223724729258228
38.33997864133955         9.224636025851002
38.389561699065865        9.225547980885922
38.43914475679218         9.226461995765169
38.4887278145185          9.227377095701568
38.538310872244814        9.228292017532757
38.58789392997113         9.229208014787893
38.637476987697454        9.230125422452204
38.68706004542376         9.231043352588841
38.73664310315008         9.231961295302858
38.786226160876396        9.232880157761787
38.83580921860271         9.233801310977723
38.88539227632903         9.23472345002292
38.934975334055345        9.235644989711425
38.98455839178166         9.236567626943277
39.03414144950798         9.237492032059853
39.083724507234294        9.238417246858468
39.1333075649606          9.239342670633103
39.18289062268692         9.240268743832264
39.232473680413236        9.241196628463559
39.28205673813955         9.24212527691072
39.33163979586587         9.243053437454986
39.381222853592185        9.243982923624406
39.4308059113185          9.244914378874496
39.48038896904482         9.245846534656753
39.529972026771134        9.24677853220733
39.57955508449745         9.24771131345342
39.62913814222376         9.248646113727586
39.678721199950076        9.249581871923855
39.72830425767639         9.25051718376855
39.77788731540271         9.251453837422241
39.827470373129024        9.252392533644489
39.87705343085534         9.253331874509199
39.92663648858166         9.254271086668204
39.97621954630797         9.255210745326226
40.02580260403429         9.256152068787385
40.075385661760606        9.257094406048658
40.12496871948692         9.258036531644132
40.17455177721324         9.2589800344151
40.224134834939555        9.259925579285246
40.27371789266587         9.26087182769049
40.32330095039219         9.261818127060842
40.372884008118504        9.2627651937331
40.42246706584482         9.263713911014342
40.47205012357114         9.264663316386683
40.52163318129745         9.265612176204435
40.57121623902376         9.266562370625486
40.62079929675008         9.26751482661703
40.670382354476395        9.26846823323268
40.71996541220271         9.269421782635064
40.76954846992903         9.270375763921223
40.81913152765534         9.27133107032718
40.86871458538166         9.272287317114335
40.91829764310798         9.273243265391145
40.96788070083429         9.274200464947175
41.01746375856061         9.275159861673274
41.06704681628692         9.276120029132754
41.116629874013235        9.277080202196323
41.16621293173955         9.27804109871633
41.21579598946586         9.279003527310984
41.265379047192184        9.279967091431462
41.3149621049185          9.280930487056725
41.364545162644816        9.281894826038707
41.41412822037113         9.282861063158085
41.46371127809745         9.283827974133134
41.513294335823765        9.28479548163388
41.56287739355008         9.28576380118468
41.612460451276405        9.286733333940505
41.662043509002714        9.287703590867402
41.71162656672903         9.28867336936296
41.76120962445535         9.289644309177778
41.81079268218166         9.290617735281876
41.86037573990798         9.291592220336348
41.90995879763429         9.292566905643517
41.959541855360605        9.29354219353245
42.00912491308693         9.294518565326294
42.05870797081324         9.295495793828842
42.108291028539554        9.296472809997846
42.15787408626587         9.297450887590237
42.20745714399219         9.298431212873767
42.2570402017185          9.29941237686666
42.30662325944482         9.300393976544587
42.356206317171136        9.301376426093857
42.40578937489745         9.302359997916204
42.45537243262377         9.303344231773707
42.504955490350085        9.304327930229217
42.5545385480764          9.3053126905709
42.60412160580271         9.306299970724277
42.65370466352903         9.307288417317379
42.703287721255336        9.308277070749766
42.75287077898166         9.309266456541877
42.802453836707976        9.310256964537595
42.85203689443429         9.311248249493593
42.90161995216061         9.312239248391755
42.951203009886925        9.313231276495813
43.00078606761324         9.314225872586587
43.05036912533956         9.315221506909653
43.099952183065874        9.316217164103389
43.14953524079219         9.317213504767839
43.199118298518506        9.318211088413493
43.24870135624482         9.319209723748708
43.29828441397113         9.320208281498129
43.34786747169745         9.321207671988855
43.397450529423764        9.32220957980479
43.44703358715008         9.32321227146591
43.4966166448764          9.324214645416944
43.54619970260271         9.32521760440352
43.59578276032903         9.326221846378306
43.645365818055346        9.327227367722633
43.69494887578166         9.328232975674727
43.74453193350798         9.329239122548069
43.79411499123429         9.330247543016979
43.84369804896061         9.331256936734661
43.89328110668693         9.33226663451597
43.942864164413244        9.333277420825654
43.99244722213956         9.334289494385763
44.04203027986587         9.335302247778863
44.09161333759219         9.336314482615691
44.1411963953185          9.337327349371348
44.19077945304482         9.338342961296716
44.240362510771135        9.339359924480409
44.289945568497444        9.340376945089464
44.33952862622376         9.341394635625868
44.38911168395007         9.342413512034517
44.438694741676386        9.34343322394926
44.488277799402695        9.344452763173198
44.53786085712902         9.345472949970487
44.587443914855335        9.346495879012501
44.63702697258165         9.347520111554642
44.68661003030796         9.348544408884036
44.73619308803428         9.349569392279403
44.78577614576058         9.350595418088014
44.8353592034869          9.351622126593806
44.88494226121321         9.352648907868666
44.934525318939535        9.353676581881418
44.98410837666585         9.354706649381583
45.03369143439217         9.35573743536718
45.083274492118484        9.356767797709251
45.13285754984479         9.357799529159923
45.18244060757111         9.358832933106491
45.23202366529742         9.359867028556792
45.281606723023735        9.360900778218221
45.33118978075005         9.361935510110223
45.38077283847637         9.362972775935242
45.430355896202684        9.364010933032226
45.479938953929           9.365048551034597
45.52952201165531         9.366087306620505
45.579105069381626        9.3671275879691
45.628688127107935        9.368168687804758
45.67827118483426         9.369209846140674
45.72785424256057         9.370252013509743
45.777437300286884        9.371296476027617
45.8270203580132          9.372341786026894
45.87660341573951         9.37338655454139
45.926186473465826        9.374432553641942
45.975769531192135        9.375480276995386
46.02535258891845         9.376528757269519
46.07493564664476         9.377576994174895
46.124518704371084        9.37862606509737
46.1741017620974          9.379677422488703
46.22368481982372         9.380729960199918
46.273267877550026        9.381782248288085
46.32285093527634         9.382835469248771
46.37243399300266         9.38389001814793
46.42201705072897         9.384945300037682
46.47160010845528         9.386000856594523
46.5211831661816          9.387057475783706
46.570766223907924        9.38811630601709
46.62034928163423         9.389175995661706
46.66993233936055         9.390234964294361
46.71951539708686         9.391295113380767
46.76909845481317         9.392357267845215
46.818681512539484        9.393420313730257
46.8682645702658          9.394483171676326
46.91784762799212         9.395546823773582
46.96743068571843         9.396612510532696
47.01701374344475         9.397679040428077
47.066596801171066        9.398745059089302
47.116179858897375        9.39981241425701
47.16576291662369         9.400881777547855
47.21534597435            9.401951980754225
47.264929032076324        9.403021868656491
47.31451208980263         9.404092718462548
47.36409514752895         9.405165758308732
47.413678205255266        9.406239816501069
47.463261262981575        9.407313174821464
47.51284432070789         9.40838771289193
47.5624273784342          9.409464465129387
47.61201043616052         9.410542104431538
47.661593493886826        9.411619642898446
47.71117655161315         9.412697955351716
47.760759609339466        9.413778131787584
47.81034266706578         9.414859075707852
47.85992572479209         9.415939346174657
47.90950878251841         9.417020985006024
47.95909184024471         9.418104986835127
48.008674897971034        9.419189877743092
48.05825795569734         9.42027432888796
48.107841013423666        9.421359765285859
48.15742407114998         9.42244729052118
48.2070071288763          9.423535816580117
48.256590186602615        9.42462361242696
48.306173244328924        9.425712502120742
48.35575630205524         9.42680368816401
48.40533935978155         9.427895741301306
48.454922417507866        9.428987725746639
48.50450547523418         9.430080503223984
48.5540885329605          9.431175004464137
48.603671590686815        9.432270346626707
48.65325464841313         9.43336503356792
48.70283770613944         9.434460989401012
48.75242076386576         9.435559475895548
48.80200382159207         9.436658911143168
48.85158687931839         9.4377579456753
48.901169937044706        9.438857962935609
48.95075299477102         9.439959949571874
49.00033605249733         9.44106294634461
49.04991911022364         9.442165199328368
49.099502167949964        9.443268380561724
49.14908522567629         9.444374065984244
49.1986682834026          9.445480728458842
49.24825134112891         9.446587501407262
49.29783439885522         9.447695135785974
49.34741745658153         9.448804316300855
49.39700051430785         9.449914190426073
49.446583572034164        9.45102330911455
49.49616662976048         9.452133596156301
49.5457496874868          9.45324665019391
49.59533274521311         9.454360821099677
49.64491580293943         9.455474565871585
49.69449886066574         9.456589163798448
49.744081918392055        9.457705619206742
49.793664976118365        9.4588232234565
49.84324803384469         9.459940279692825
49.892831091571           9.461058105287863
49.94241414929731         9.462178449969533
49.99199720702363         9.463299735002758
50.04158026474994         9.464421103503994
50.091163322476255        9.46554340413423
50.140746380202565        9.466667168600015
50.19032943792888         9.467791550999996
50.23991249565519         9.468915058190248
50.289495553381514        9.470039678612878
50.33907861110783         9.471167270023251
50.388661668834146        9.472296270319339
50.438244726560455        9.47342498700174
50.48782778428677         9.474554486459839
50.537410842013074        9.475685595511047
50.5869938997394          9.47681749227788
50.63657695746571         9.477948721233902
50.68616001519203         9.479080819250305
50.735743072918346        9.480215694657854
50.78532613064466         9.481351980441806
50.83490918837098         9.48248839997245
50.88449224609729         9.483625489102684
50.934075303823604        9.4847638478879
50.983658361549914        9.485903133488636
51.03324141927623         9.487042037776996
51.082824477002546        9.488181531809328
51.13240753472886         9.489323692274477
51.18199059245518         9.490467094819861
51.231573650181495        9.491610568859619
51.281156707907805        9.492754849168007
51.33073976563412         9.493900653846019
51.38032282336043         9.495047207607797
51.429905881086746        9.49619307705985
51.47948893881306         9.497339594815902
51.52907199653938         9.498488962918529
51.578655054265695        9.499639938917062
51.628238111992005        9.500791182920185
51.67782116971832         9.501943111123403
51.72740422744463         9.50309635171136
51.77698728517095         9.504250192767316
51.82657034289726         9.505403318942456
51.87615340062358         9.506557086748963
51.925736458349895        9.507713971551642
51.97531951607621         9.508872639086958
52.02490257380252         9.510031350417318
52.07448563152884         9.511190462095042
52.124068689255154        9.512351032056193
52.17365174698146         9.513512423543084
52.22323480470777         9.514673451582894
52.272817862434096        9.515835012986978
52.32240092016042         9.516999407433614
52.37198397788673         9.518165215282027
52.42156703561305         9.519330971801317
52.471150093339354        9.520497555300016
52.52073315106566         9.521665633353422
52.57031620879198         9.522834344253546
52.619899266518296        9.524002791144333
52.66948232424461         9.525172130560833
52.71906538197093         9.526344131182466
52.768648439697245        9.527516926336757
52.81823149742356         9.528689113413153
52.86781455514987         9.529862652011285
52.91739761287619         9.531038112381253
52.966980670602496        9.53221433388549
53.01656372832881         9.53339002874502
53.06614678605513         9.534566959776312
53.115729843781445        9.535746654948008
53.16531290150776         9.536927163297214
53.21489595923407         9.538106754318425
53.26447901696039         9.539287558978815
53.314062074686696        9.540470552943782
53.36364513241301         9.541654634460631
53.41322819013933         9.542837913289585
53.462811247865645        9.544022261104633
53.51239430559196         9.545209189968745
53.56197736331828         9.546397006301971
53.61156042104459         9.547583951760553
53.6611434787709          9.548772171140389
53.710726536497205        9.549962666525113
53.76030959422353         9.551154101410098
53.80989265194984         9.552344789562607
53.85947570967616         9.553536633589763
53.90905876740248         9.55473115999327
53.958641825128794        9.555926577075368
54.0082248828551          9.55712098019697
54.05780794058142         9.55831651842358
54.107390998307736        9.559514302981851
54.15697405603405         9.560713155367342
54.20655711376037         9.56191152440711
54.256140171486685        9.563111023784408
54.305723229212994        9.564312968074875
54.35530628693931         9.565515843955447
54.40488934466563         9.56671785464359
54.45447240239194         9.5679210792843
54.50405546011826         9.56912667937698
54.553638517844576        9.570333322915209
54.603221575570885        9.57153927051298
54.6528046332972          9.57274623671195
54.70238769102352         9.573955553807998
54.75197074874983         9.575165598430791
54.801553806476136        9.576374663744865
54.85113686420246         9.577585052180975
54.90071992192878         9.578797886092984
54.95030297965509         9.580011968615466
54.999886037381415        9.581225630725966
55.04946909510772         9.582440331234839
55.09905215283403         9.5836571929771
55.14863521056034         9.584874994070251
55.19821826828666         9.586091937589993
55.247801326012976        9.587310046736466
55.29738438373929         9.588530568205886
55.34696744146561         9.589752111207902
55.396550499191925        9.590973128354063
55.446133556918234        9.59219506005676
55.49571661464455         9.593419122776814
55.54529967237086         9.594644146620512
55.594882730097176        9.595868445230213
55.64446578782349         9.597093965024916
55.69404884554981         9.598321866907423
55.743631903276125        9.599550864680035
55.793214961002434        9.600779471453343
55.84279801872875         9.602009167822922
55.89238107645506         9.603240963599976
55.941964134181376        9.60447371352683
55.99154719190769         9.605705614164094
56.04113024963401         9.606938709550645
56.090713307360325        9.608174519133133
56.14029636508664         9.609411432010393
56.18987942281295         9.610647765370809
56.23946248053927         9.611884991611573
56.28904553826557         9.613124173208236
56.33862859599189         9.614364066521945
56.3882116537182          9.615603044613481
56.437794711444525        9.61684333251622
56.48737776917084         9.618086490765712
56.53696082689716         9.61933096769503
56.58654388462347         9.620574839349416
56.63612694234978         9.621819770576783
56.6857100000761          9.623066823564058
56.73529305780241         9.624314645460501
56.784876115528725        9.625561378892485
56.83445917325504         9.626809263889749
56.884042230981365        9.628060160123928
56.933625288707674        9.629312364373478
56.98320834643399         9.630563904874698
57.0327914041603          9.631816213942553
57.08237446188662         9.633070489963348
57.131957519612925        9.63432559204621
57.18154057733924         9.635579812160508
57.23112363506556         9.636835235339301
57.28070669279188         9.638093750949661
57.33028975051819         9.63935368710988
57.3798728082445          9.64061285600226
57.429455865970816        9.641872835997052
57.47903892369713         9.643134845941448
57.52862198142344         9.644397990590448
57.57820503914976         9.645660349448965
57.627788096876074        9.646923366512905
57.67737115460239         9.64818930336322
57.72695421232871         9.649456455163131
57.776537270055016        9.650723332216987
57.82612032778133         9.65199127189915
57.87570338550765         9.6532610998108
57.92528644323396         9.654531452920974
57.97486950096027         9.655800568369905
58.02445255868659         9.657070737233658
58.074035616412914        9.658344138186328
58.12361867413922         9.65961915833141
58.17320173186555         9.660893658954254
58.22278478959185         9.662169118423563
58.27236784731816         9.663446695634201
58.321950905044474        9.664724991047935
58.37153396277079         9.666002040393758
58.42111702049711         9.667279887878424
58.47070007822342         9.668561074892265
58.52028313594974         9.669843984860352
58.569866193676056        9.671126462474957
58.619449251402365        9.672409440554057
58.66903230912868         9.673694137985892
58.71861536685499         9.674979950795226
58.76819842458131         9.676265264243455
58.81778148230762         9.677551099047239
58.86736454003394         9.678839794045484
58.916947597760256        9.680129814657775
58.966530655486565        9.681419596194138
59.01611371321288         9.682710228693972
59.06569677093919         9.68400287956033
59.11527982866551         9.685296542851994
59.16486288639182         9.686589355310089
59.21444594411814         9.687882430522034
59.26402900184446         9.689178513891983
59.31361205957077         9.690476360641515
59.36319511729709         9.691774421176008
59.412778175023405        9.693073072604706
59.462361232749714        9.694373321115705
59.51194429047604         9.695674393835075
59.561527348202354        9.696974833721285
59.61111040592866         9.698275786571395
59.66069346365497         9.699579874168938
59.71027652138129         9.700885657142816
59.759859579107605        9.70219118521186
59.80944263683392         9.703497337048823
59.85902569456023         9.704805318158515
59.908608752286554        9.706114184875801
59.95819181001286         9.70742272967611
60.00777486773918         9.708732022238577
60.05735792546548         9.71004386575693
60.106940983191805        9.711356528628183
60.15652404091812         9.712668711200509
60.20610709864444         9.713982333879349
60.255690156370754        9.715298088487373
60.30527321409707         9.716614632342573
60.35485627182338         9.717930465471971
60.404439329549696        9.719247676784928
60.45402238727601         9.720567765922208
60.50360544500232         9.72188866359491
60.55318850272863         9.723208663380975
60.602771560454954        9.724529931239214
60.65235461818128         9.725853493125667
60.70193767590759         9.72717820226671
60.75152073363391         9.728501968130042
60.80110379136021         9.729826706891737
60.85068684908652         9.731153999850735
60.90026990681284         9.732482252054192
60.949852964539154        9.73380985741155
60.99943602226547         9.735138857521253
61.04901907999179         9.736470234688408
61.0986021377181          9.737802468377255
61.14818519544442         9.739133723911635
61.19776825317073         9.740466282633339
61.247351310897045        9.741801687938414
61.296934368623354        9.743138276440437
61.34651742634967         9.744474054120056
61.39610048407599         9.745810783127405
61.4456835418023          9.747149728270267
61.49526659952862         9.748489760639556
61.54484965725493         9.749828929058525
61.594432714981245        9.75116934199165
61.644015772707554        9.752512545875316
61.69359883043387         9.753856662005365
61.74318188816019         9.755199605849906
61.7927649458865          9.756543785290777
61.84234800361281         9.757890648328361
61.891931061339136        9.759238651675467
61.941514119065445        9.760585563608004
61.99109717679176         9.761933735797628
62.040680234518064        9.763284705828893
62.09026329224439         9.764636776154747
62.139846349970696        9.765987826546308
62.18942940769702         9.767340011046427
62.239012465423336        9.768694801430225
62.28859552314965         9.770050737102832
62.33817858087596         9.77140552856666
62.38776163860228         9.772761574235421
62.437344696328594        9.77412035594105
62.4869277540549          9.775479887678008
62.53651081178122         9.776838091893397
62.586093869507536        9.778197711545648
62.63567692723386         9.77956033720599
62.68525998496017         9.7809244473417
62.734843042686485        9.782287307261118
62.784426100412794        9.783651181856571
62.83400915813912         9.785017493646336
62.88359221586542         9.78638496078607
62.933175273591736        9.787751568480626
62.98275833131805         9.789119366111006
63.032341389044376        9.790489809781171
63.081924446770685        9.791861322752306
63.131507504496994        9.793231726598824
63.18109056222331         9.794603357171832
63.23067361994963         9.795977664234696
63.280256677675936        9.797352906104823
63.32983973540225         9.798726875952397
63.37942279312857         9.8001020761615
63.429005850854885        9.801480254851898
63.4785889085812          9.802859855716633
63.52817196630751         9.804238545569268
63.57775502403383         9.805618377319256
63.62733808176014         9.807000510429086
63.67692113948645         9.8083834555124
63.72650419721276         9.809765284105792
63.776087254939085        9.811148495942897
63.82567031266541         9.812534888614072
63.87525337039172         9.813922693024175
63.92483642811804         9.81530927642135
63.974419485844344        9.816696911773395
64.02400254357065         9.818086883581833
64.07358560129697         9.819477544487091
64.12316865902329         9.820867020355497
64.1727517167496          9.822257761636456
64.22233477447593         9.82365158921963
64.27191783220223         9.825047041024463
64.32150088992856         9.82644180851007
64.37108394765487         9.827837590729155
64.42066700538119         9.829235467785251
64.4702500631075          9.830634108343153
64.51983312083381         9.832031660759931
64.56941617856012         9.8334304707145
64.61899923628643         9.834832610992544
64.66858229401275         9.836236254627426
64.71816535173906         9.837638668626669
64.76774840946538         9.839041954929831
64.81733146719169         9.840447519637168
64.866914524918           9.841854176010678
64.91649758264431         9.84325994376654
64.96608064037063         9.844666675448146
65.01566369809696         9.846076355265629
65.06524675582327         9.847487519464694
65.11482981354959         9.848898071423251
65.1644128712759          9.85030954747513
65.21399592900221         9.851723142900774
65.26357898672853         9.853137492494174
65.31316204445484         9.854550748732342
65.36274510218115         9.855965238961069
65.41232815990747         9.857383280252964
65.46191121763378         9.858802882145259
65.51149427536009         9.860221367743447
65.56107733308642         9.861640803999292
65.61066039081273         9.86306242144941
65.66024344853903         9.864484742403222
65.70982650626536         9.865905829758953
65.75940956399167         9.867327900191444
65.80899262171798         9.868753226723783
65.8585756794443          9.870180348176836
65.90815873717062         9.871607003467918
65.95774179489693         9.873034612381709
66.00732485262324         9.874464328441864
66.05690791034957         9.875894730828472
66.10649096807587         9.877323906113284
66.15607402580218         9.87875403118524
66.2056570835285          9.88018778842026
66.25524014125482         9.881623368771098
66.30482319898113         9.883057958175383
66.35440625670745         9.884492971953174
66.40398931443376         9.885930227012448
66.45357237216007         9.88736882443079
66.50315542988639         9.888806802124535
66.5527384876127          9.890245159750512
66.60232154533901         9.891686494503622
66.65190460306533         9.893129322629854
66.70148766079166         9.894571838068329
66.75107071851797         9.896015247351553
66.80065377624429         9.897460944947058
66.8502368339706          9.89890739419987
66.89981989169691         9.900352491532509
66.94940294942322         9.901798117686795
66.99898600714954         9.903247438535661
67.04856906487585         9.904698972276659
67.09815212260217         9.906150157544571
67.14773518032848         9.907601421170554
67.19731823805479         9.909054801596938
67.24690129578111         9.910509275145932
67.29648435350742         9.911963061748002
67.34606741123375         9.913417295250511
67.39565046896006         9.914874734842549
67.44523352668637         9.91633387115945
67.49481658441267         9.917792618980936
67.544399642139           9.91925218945014
67.59398269986531         9.920714019976284
67.64356575759163         9.922176375024067
67.69314881531795         9.92363787788155
67.74273187304426         9.925100309211356
67.79231493077059         9.92656589361556
67.8418979884969          9.928032594428691
67.8914810462232          9.929498590589255
67.94106410394951         9.930965893544679
67.99064716167584         9.932435602757343
68.04023021940215         9.933906133236444
68.08981327712846         9.935375649125596
68.13939633485478         9.936846660307763
68.18897939258109         9.938320743644798
68.2385624503074          9.939795678396587
68.28814550803372         9.941269561850769
68.33772856576003         9.942744837439434
68.38731162348635         9.944222868519205
68.43689468121266         9.94570203591888
68.48647773893899         9.947179575970232
68.5360607966653          9.948658339454896
68.5856438543916          9.950140066050558
68.63522691211793         9.951622950943287
68.68480996984424         9.953105088446481
68.73439302757055         9.954588518884604
68.78397608529687         9.956074429382978
68.83355914302318         9.957561202839495
68.88314220074949         9.959046775462259
68.93272525847581         9.960533782618414
68.98230831620212         9.962023764687718
69.03189137392843         9.963515004944066
69.08147443165475         9.965005388694888
69.13105748938106         9.96649674968777
69.18064054710737         9.96799060220317
69.2302236048337          9.969485705076593
69.27980666256002         9.970979466169638
69.32938972028633         9.972474492529235
69.37897277801265         9.973972355960619
69.42855583573896         9.975471561353906
69.47813889346527         9.976970051308397
69.52772195119158         9.978469559401145
69.5773050089179          9.979971592282759
69.62688806664421         9.981474776317329
69.67647112437054         9.982976547697884
69.72605418209685         9.984479759657892
69.77563723982314         9.985986065856416
69.82522029754946         9.987493697957518
69.87480335527579         9.989000287405764
69.9243864130021          9.990507847840394
69.97396947072842         9.992018081909778
70.02355252845473         9.993529570974871
70.07313558618105         9.995039611706993
70.12271864390736         9.996551001872367
70.17230170163369         9.998065255908612
70.22188475936            9.999580592033254
70.2714678170863          10.001094750035072
70.32105087481261         10.002610200743941
70.37063393253892         10.004128726558273
70.42021699026525         10.005648668190698
70.46980004799155         10.007167157803591
70.51938310571788         10.0086869652586
70.56896616344419         10.010209526600867
70.6185492211705          10.011733088159492
70.6681322788968          10.01325539902082
70.71771533662313         10.014779053131857
70.76729839434945         10.016305763370331
70.81688145207576         10.01783385949212
70.86646450980209         10.019360475060823
70.9160475675284          10.020888518500286
70.9656306252547          10.022419343865257
71.01521368298103         10.023950998055891
71.06479674070734         10.0254811789609
71.11437979843365         10.027012710926599
71.16396285615997         10.02854756778059
71.21354591388628         10.03008394671584
71.26312897161259         10.031618884236222
71.31271202933891         10.033155113267835
71.36229508706522         10.034693964851138
71.41187814479153         10.036233718462281
71.46146120251785         10.037772261054089
71.51104426024416         10.039312196883007
71.56062731797047         10.04085544803279
71.6102103756968          10.042400112799873
71.65979343342312         10.043943178846002
71.70937649114943         10.045487648934369
71.75895954887574         10.047034855592223
71.80854260660206         10.048582614557926
71.85812566432837         10.050128822955436
71.90770872205468         10.051676412735388
71.95729177978099         10.053227588840876
72.00687483750731         10.054780653786066
72.05645789523362         10.05633248471651
72.10604095295994         10.057885393160102
72.15562401068625         10.059440712868403
72.20520706841256         10.060996827502557
72.25479012613889         10.062551714203671
72.3043731838652          10.064107896733965
72.3539562415915          10.065667643277822
72.40353929931783         10.067228946145905
72.45312235704415         10.068788527631206
72.50270541477046         10.070349289615343
72.55228847249678         10.07191295538384
72.6018715302231          10.07347763609451
72.65145458794942         10.075040818964448
72.70103764567573         10.076604885237776
72.75062070340203         10.07817237687317
72.80020376112836         10.079741704442409
72.84978681885467         10.08131021242356
72.89936987658098         10.082879639140481
72.94895293430729         10.084451324189606
72.99853599203361         10.086023777537022
73.04811904975992         10.087595064577112
73.09770210748624         10.089167515242423
73.14728516521255         10.090743559276975
73.19686822293886         10.092321479675713
73.24645128066517         10.093898122170755
73.2960343383915          10.095475351891988
73.3456173961178          10.097055234094118
73.39520045384413         10.09863646917933
73.44478351157045         10.100216655171497
73.49436656929676         10.10179736475924
73.54394962702308         10.10338131792502
73.59353268474939         10.104966941260006
73.6431157424757          10.106552005228675
73.69269880020201         10.108138301948296
73.74228185792833         10.109726956476678
73.79186491565464         10.111316168810683
73.84144797338095         10.112903945108748
73.89103103110727         10.1144927159648
73.94061408883358         10.116085203484673
73.9901971465599          10.117679607123799
74.03978020428622         10.11927288427404
74.08936326201253         10.120867008092183
74.13894631973885         10.122463797484802
74.18852937746516         10.124061652807363
74.23811243519148         10.125658272824442
74.28769549291779         10.127255364880904
74.3372785506441          10.128855807628536
74.38686160837042         10.130458419445729
74.43644466609673         10.132060886185572
74.48602772382304         10.133663660029095
74.53561078154937         10.13526842887305
74.58519383927568         10.136873965036377
74.63477689700198         10.138478638133671
74.68435995472831         10.140084248266316
74.73394301245462         10.141693591248105
74.78352607018093         10.143305101449252
74.83310912790725         10.144915747800344
74.88269218563356         10.146526243772833
74.93227524335987         10.148139153850703
74.98185830108619         10.14975334600724
75.03144135881251         10.151366936767861
75.08102441653882         10.152980902335006
75.13060747426515         10.154598059688208
75.18019053199146         10.156217063780002
75.22977358971777         10.157835865908671
75.27935664744408         10.159455595274434
75.3289397051704          10.16107762415246
75.37852276289671         10.162700088634516
75.42810582062303         10.164321660978786
75.47768887834934         10.165944314037816
75.52727193607564         10.167570415205558
75.57685499380196         10.169197663396098
75.62643805152828         10.170823917265691
75.67602110925459         10.172451416913193
75.72560416698092         10.174081587729443
75.77518722470722         10.175712640474423
75.82477028243355         10.177342473195749
75.87435334015986         10.17897396759654
75.92393639788618         10.180608696479615
75.97351945561249         10.182244340429246
76.0231025133388          10.183878894097521
76.07268557106511         10.185514944174823
76.12226862879142         10.187154041099587
76.17185168651774         10.188794156637517
76.22143474424405         10.190432023468384
76.27101780197037         10.192071538986266
76.32060085969668         10.193714601756849
76.37018391742299         10.195358858663404
76.4197669751493          10.197001899939064
76.46935003287562         10.198646146849152
76.51893309060195         10.200293227543147
76.56851614832826         10.201941302994536
76.61809920605458         10.203587919323468
76.66768226378089         10.205236166327184
76.7172653215072          10.206887581162269
76.76684837923352         10.208540259419571
76.81643143695983         10.210191924114822
76.86601449468614         10.211844725808167
76.91559755241246         10.213500459614886
76.96518061013877         10.215157328140593
77.01476366786508         10.216812050512285
77.0643467255914          10.218468552436379
77.11392978331772         10.22012870404928
77.16351284104402         10.221790214518823
77.21309589877035         10.223450447271967
77.26267895649666         10.225111763728712
77.31226201422297         10.22677594666423
77.36184507194929         10.228441321517206
77.41142812967561         10.230105018033775
77.46101118740192         10.23177023333833
77.51059424512823         10.233438465426737
77.56017730285456         10.235107647403659
77.60976036058088         10.236775594076894
77.65934341830719         10.238445139174067
77.70892647603351         10.2401179776423
77.75850953375982         10.241792228134562
77.80809259148613         10.243464312702802
77.85767564921244         10.245137944293473
77.90725870693876         10.246814732094682
77.95684176466507         10.248492766458547
78.0064248223914          10.250169624676484
78.0560078801177          10.251847669466681
78.10559093784401         10.253528722855588
78.15517399557032         10.255211300929135
78.20475705329665         10.25689223368709
78.25434011102296         10.258574634171552
78.30392316874928         10.260259898515915
78.35350622647559         10.261946240525544
78.40308928420191         10.263631369063674
78.45267234192822         10.26531790495144
78.50225539965453         10.267007652463736
78.55183845738085         10.268698897213127
78.60142151510716         10.270388313494024
78.65100457283347         10.272079121176962
78.70058763055978         10.273772739705235
78.7501706882861          10.275467631356713
78.79975374601241         10.277161460329792
78.84933680373874         10.278856480711143
78.89891986146505         10.280554624673242
78.94850291919136         10.282254144396642
78.99808597691766         10.283952229722804
79.04766903464399         10.285651879285233
79.0972520923703          10.287354457386888
79.14683515009662         10.289057888956409
79.19641820782294         10.290759792070585
79.24600126554925         10.292463026956487
79.29558432327558         10.294169778292744
79.34516738100189         10.295878259594476
79.3947504387282          10.297585132828598
79.4443334964545          10.299293438909327
79.49391655418083         10.301004551429779
79.54349961190714         10.302716326598848
79.59308266963345         10.304426569483912
79.64266572735977         10.306138215520575
79.69224878508608         10.307853582719535
79.74183184281239         10.309570831815249
79.79141490053871         10.311286521892999
79.84099795826502         10.313003508811247
79.89058101599134         10.314723111662186
79.94016407371765         10.316443603348624
79.98974713144398         10.318162842412127
80.03933018917029         10.319883326618706
80.0889132468966          10.321607311758664
80.13849630462292         10.323332985012826
80.18807936234923         10.325057141866248
80.23766242007554         10.326782592559047
80.28724547780186         10.328510998207138
80.33682853552817         10.330240148294315
80.38641159325448         10.331967550568717
80.4359946509808          10.333696073551927
80.48557770870711         10.335428526709402
80.53516076643342         10.337163056311605
80.58474382415974         10.33889626748596
80.63432688188605         10.340630679687672
80.68390993961236         10.342367869548537
80.73349299733869         10.344105541281664
80.78307605506501         10.345841493073104
80.83265911279132         10.347578708992428
80.88224217051764         10.349319829294865
80.93182522824395         10.35106293946424
80.98140828597026         10.352804338563113
81.03099134369657         10.354546913998542
81.0805744014229          10.35629274266889
81.1301574591492          10.358039404514667
81.17974051687553         10.35978418883872
81.22932357460184         10.361529817198159
81.27890663232813         10.36327946726455
81.32848969005445         10.365031372121281
81.37807274778078         10.366782095212704
81.42765580550709         10.368533401836327
81.47723886323341         10.370287438183677
81.52682192095972         10.372042791711358
81.57640497868604         10.373797216801393
81.62598803641235         10.375552200033196
81.67557109413868         10.377310688276744
81.72515415186498         10.379070906995677
81.7747372095913          10.380829931627584
81.8243202673176          10.382589699592119
81.87390332504391         10.384352497887145
81.92348638277024         10.386116598179646
81.97306944049654         10.387879406682071
82.02265249822287         10.389642443114132
82.07223555594918         10.391408980679397
82.12181861367549         10.393177603823263
82.1714016714018          10.394945969588573
82.22098472912812         10.396715031041
82.27056778685444         10.398486676621575
82.32015084458075         10.400259168629532
82.36973390230708         10.402030384392715
82.41931696003338         10.403802218165323
82.4689000177597          10.405577878714968
82.51848307548602         10.40735577346404
82.56806613321233         10.40913283447567
82.61764919093864         10.410910096466292
82.66723224866496         10.412690366403007
82.71681530639127         10.414471912841142
82.76639836411758         10.416252322664016
82.8159814218439          10.41803291050553
82.86556447957021         10.419817063182908
82.91514753729653         10.421603403430884
82.96473059502284         10.423389449609246
83.01431365274917         10.425176140572383
83.06389671047548         10.426965135018687
83.11347976820178         10.428754929754946
83.16306282592811         10.430544083730227
83.21264588365442         10.432334186260562
83.26222894138073         10.434127603032444
83.31181199910705         10.435922055450227
83.36139505683337         10.437715471102925
83.41097811455968         10.43951036300467
83.460561172286           10.441308255338638
83.51014423001232         10.443106991028555
83.55972728773862         10.44490413908215
83.60931034546493         10.446703137065054
83.65889340319126         10.4485055877877
83.70847646091757         10.450309146708241
83.75805951864389         10.45211172547218
83.8076425763702          10.453915683040602
83.85722563409651         10.455722529222957
83.90680869182282         10.457530410260347
83.95639174954914         10.459336190679135
84.00597480727545         10.461143921399444
84.05555786500177         10.462955330613386
84.10514092272808         10.46476786359459
84.1547239804544          10.466578936581381
84.20430703818072         10.468391211796769
84.25389009590702         10.470206584580586
84.30347315363335         10.472023054333127
84.35305621135966         10.473837845045676
84.40263926908597         10.475654501872068
84.45222232681228         10.477474550983313
84.5018053845386          10.479295933503831
84.55138844226491         10.481116284352057
84.60097149999123         10.482937853826503
84.65055455771754         10.484762414318201
84.70013761544385         10.48658788153496
84.74972067317016         10.48841097299475
84.79930373089648         10.49023620782216
84.84888678862279         10.49206542876932
84.89846984634912         10.493895905564678
84.94805290407544         10.495724611360833
84.99763596180175         10.497554365334603
85.04721901952807         10.499387477620973
85.09680207725438         10.501222169301661
85.14638513498069         10.503055054751838
85.195968192707           10.504889746913502
85.24555125043332         10.506727773702858
85.29513430815963         10.508566584150618
85.34471736588594         10.510403748966345
85.39430042361226         10.512242532899043
85.44388348133856         10.514084918918423
85.49346653906488         10.515928764680611
85.54304959679119         10.51776985509608
85.59263265451752         10.519612918992097
85.64221571224384         10.521459752646741
85.69179876997015         10.52330789207359
85.74138182769647         10.525154395341978
85.79096488542278         10.527001998425908
85.84054794314909         10.528852940707516
85.89013100087541         10.530705413895523
85.93971405860174         10.532556101665604
85.98929711632803         10.534408674567562
86.03888017405436         10.536264510542638
86.08846323178066         10.538120724950925
86.13804628950697         10.53997515495737
86.1876293472333          10.54183144558944
86.2372124049596          10.543691730698225
86.28679546268592         10.545553690164118
86.33637852041224         10.547412980838295
86.38596157813855         10.549274142701305
86.43554463586486         10.551138778382546
86.48512769359118         10.553004285115438
86.5347107513175          10.554868129532665
86.58429380904381         10.556733356644953
86.63387686677014         10.558602250160956
86.68345992449645         10.560473017512898
86.73304298222277         10.562341531238891
86.78262603994906         10.564211777060207
86.83220909767539         10.566085196167528
86.8817921554017          10.567959604872591
86.93137521312802         10.569832861253396
86.98095827085433         10.571708030562812
87.03017357351669         10.573572678501643
87.07938887617905         10.575437231779935
87.12860417884141         10.577302074121484
87.17781948150376         10.579167757107891
87.22038399487099         10.58078360838615
87.26294850823821         10.582400122170208
87.30551302160544         10.58401353062215
87.34807753497266         10.585615787097618
87.38332411798365         10.586948642903641
87.41857070099465         10.588382515900975
87.45381728400562         10.589721728169058
87.48906386701663         10.590724406665238
