0                         8.757383899590666
0.031165218790121685      8.756833108495673
0.06233043758024337       8.755977400039006
0.09349565637036505       8.755168753770334
0.12466087516048674       8.754418335561626
0.15582609395060842       8.753618144057892
0.19171750303942758       8.752690368412495
0.22760891212824674       8.751792366477064
0.2635003212170659        8.750888925459245
0.29939173030588506       8.749975983254828
0.3352831393947042        8.749068238922023
0.3790092663375759        8.747965787320263
0.4227353932804476        8.746866313312363
0.4664615202233193        8.745765760606428
0.510187647166191         8.744662683039458
0.5539137741090627        8.743558465033399
0.6072914956554598        8.742204717146487
0.6606692172018569        8.740856006504892
0.714046938748254         8.739513973775813
0.7674246602946511        8.738168805399377
0.8208023818410481        8.73682554431291
0.8850041870571772        8.735209272284955
0.9492059922733063        8.733599406025627
1.0134077974894353        8.731986646673514
1.0776096027055644        8.730376157896496
1.1418114079216934        8.728772598077748
1.2195613810278445        8.726832870208078
1.2973113541339814        8.724907048884257
1.3750613272401324        8.72296301600193
1.4528113003462835        8.721013663005195
1.5305612734524345        8.719083494873756
1.6255419393454247        8.71673459171705
1.7205226052384148        8.714371219925878
1.815503271131405         8.712006326123902
1.9104839370243951        8.709651779657051
2.0054646029173853        8.707309235460416
2.1173301101759563        8.704560959850674
2.2291956174345273        8.701833950452775
2.3410611246930983        8.699079628768919
2.4529266319516694        8.69629717836029
2.5647921392102404        8.693502166506606
2.6852061533996476        8.690548239104217
2.805620167589055         8.687605131841435
2.926034181778462         8.684674777156387
3.0464481959678693        8.681749452359883
3.1668622101572765        8.678828042677322
3.2879895824657837        8.675903053452739
3.4091169547742908        8.672994998178485
3.530244327082798         8.670048688051939
3.651371699391305         8.667104108504226
3.772499071699812         8.664153345050888
3.8936264440083193        8.66123039935396
4.014753816316826         8.658353855280245
4.1358811886253335        8.65546764592099
4.257008560933841         8.652551178654331
4.378135933242348         8.64959110912025
4.499263305550855         8.646716363360175
4.620390677859362         8.64385740088291
4.741518050167869         8.641004535452822
4.862645422476376         8.638107426158745
4.983772794784883         8.63519265273767
5.1049001670933905        8.632333106327403
5.226027539401898         8.629506340477732
5.347154911710405         8.626673288757171
5.468282284018912         8.623802307877588
5.589409656327419         8.6208999428446
5.710537028635926         8.618075785245782
5.831664400944433         8.615271269525449
5.95279177325294          8.612467516614268
6.073919145561447         8.6096144173541
6.1950465178699545        8.606759166626869
6.316173890178462         8.603948984315826
6.437301262486969         8.60117250315013
6.558428634795476         8.59838922380549
6.679556007103983         8.595565149106045
6.80068337941249          8.592719684774151
6.921810751720997         8.589945396702554
7.042938124029504         8.587190919715006
7.1640654963380115        8.584438599949515
7.285192868646519         8.581634469117157
7.406320240955026         8.578832499675702
7.527447613263533         8.576071203772822
7.64857498557204          8.57334528550608
7.769702357880547         8.570614588468242
7.890829730189054         8.567837281942763
8.011957102497561         8.565046042172254
8.133084474806068         8.562320424775839
8.254211847114576         8.559617800083766
8.375339219423083         8.55691530330713
8.49646659173159          8.554159104355026
8.617593964040097         8.551407795460218
8.738721336348604         8.548699730979688
8.859848708657111         8.54602725651837
8.980976080965618         8.543344284763554
9.102103453274125         8.540614061718342
9.223230825582633         8.537874892325048
9.34435819789114          8.535199212096593
9.465485570199647         8.532543171310422
9.586612942508154         8.529890029342369
9.707740314816661         8.52718369431492
9.828867687125168         8.524482216455118
9.949995059433675         8.521821005016301
10.071122431742182        8.519182076470413
10.19224980405069         8.516528950069867
10.31337717635921         8.513861162520705
10.434504548667718        8.511206398554561
10.555631920976225        8.508586048012805
10.676759293284732        8.505975955534927
10.79788666559324         8.503345592381176
10.919014037901746        8.500703083025961
11.040141410210254        8.498053020421356
11.16126878251876         8.495457135760727
11.282396154827268        8.492884633634615
11.403523527135775        8.490302115296052
11.524650899444282        8.48767002193536
11.64577827175279         8.485035710665384
11.766905644061296        8.482454799202783
11.888033016369803        8.479900198990151
12.00916038867831         8.477337264915436
12.130287760986818        8.474747140301254
12.251415133295325        8.472123046506484
12.372542505603832        8.469568865676958
12.493669877912339        8.467035688258155
12.614797250220846        8.464507543143805
12.735924622529367        8.461938128130681
12.857051994837875        8.45935355086271
12.978179367146382        8.456818566657567
13.099306739454889        8.454312951609039
13.220434111763396        8.451801973401993
13.341561484071917        8.449257564124899
13.462688856380424        8.446686138595748
13.583816228688931        8.444184312263127
13.704943600997439        8.441700119232742
13.826070973305946        8.439217036378219
13.947198345614453        8.436690518562708
14.06832571792296         8.434163221285052
14.189453090231467        8.431674371739996
14.310580462539974        8.429217135945375
14.431707834848481        8.426754769534677
14.552835207157003        8.424256291675611
14.67396257946551         8.421738178533992
14.795089951774017        8.419282916179952
14.916217324082524        8.416847676357662
15.037344696391031        8.414414232298073
15.158472068699538        8.41193476549057
15.279599441008045        8.40945782999663
15.400726813316552        8.407017333865218
15.52185418562506         8.404608840664805
15.642981557933567        8.40219515376642
15.764108930242074        8.399741293131177
15.885236302550581        8.39727625153219
16.006363674859088        8.394869058065533
16.127491047167595        8.39248255417869
16.248618419476102        8.390096457862494
16.36974579178461         8.387663348825868
16.490873164093117        8.38523543915098
16.612000536401638        8.382845414990678
16.733127908710145        8.380488621468004
16.854255281018652        8.378121112524958
16.975382653327173        8.375712425485167
17.09651002563568         8.373296314154446
17.217637397944188        8.370939576090315
17.338764770252695        8.368596769551592
17.459892142561202        8.366257622666087
17.581019514869723        8.363872603129465
17.70214688717823         8.361496830947399
17.823274259486737        8.359151696191867
17.944401631795245        8.3568422177402
18.06552900410375         8.354524166298285
18.186656376412273        8.352160442833975
18.30778374872078         8.349797704812252
18.428911121029287        8.34748365702521
18.550038493337794        8.345190340770175
18.6711658656463          8.342898934604793
18.79229323795481         8.340555508317186
18.913420610263316        8.33822355177344
19.034547982571823        8.335917002278654
19.15567535488033         8.333653671224129
19.276802727188837        8.331356491813455
19.39793009949736         8.329086873176765
19.519057471805866        8.326800129615703
19.640184844114373        8.324545216829284
19.76131221642288         8.322269146154968
19.882439588731387        8.320001832910103
20.00356696103991         8.31773506467762
20.124694333348415        8.31543831758588
20.245821705656937        8.313196538450754
20.366949077965444        8.310974460870169
20.48807645027395         8.308751989882762
20.609203822582472        8.306493900875957
20.73033119489098         8.304230187297676
20.851458567199487        8.30200562815599
20.972585939507994        8.299808008682545
21.0937133118165          8.297605563810132
21.214840684125008        8.295374336949765
21.335968056433515        8.293121766693343
21.457095428742022        8.290928262977324
21.57822280105053         8.288751896422154
21.699350173359036        8.286576647982773
21.820477545667543        8.284363546402213
21.94160491797605         8.28215249725956
22.062732290284558        8.279971656079537
22.183859662593065        8.277820798817567
22.304987034901572        8.275666180309619
22.42611440721008         8.273479639792798
22.547241779518586        8.271276771310266
22.668369151827093        8.269129521884203
22.7894965241356          8.266999817542242
22.910623896444108        8.264871663114208
23.031751268752615        8.262703783307883
23.152878641061122        8.260538980364167
23.27400601336963         8.258406178565112
23.395133385678122        8.256302097871941
23.51626075798663         8.254194273596505
23.63738813029515         8.252050984813964
23.758515502603665        8.249898508513231
23.87964287491218         8.24779719162989
24.000770247220686        8.24571423312
24.121897619529193        8.243632019006213
24.243024991837707        8.241509097477753
24.364152364146214        8.239391161687422
24.48527973645473         8.237306961556815
24.606407108763236        8.235249064733837
24.727534481071743        8.233187951949194
24.848661853380264        8.231088561592093
24.969789225688764        8.228983864928107
25.09091659799728         8.22692771779017
25.212043970305785        8.224889369601197
25.3331713426143          8.222852887738675
25.454298714922814        8.220776212149001
25.57542608723132         8.218708343891068
25.696553459539835        8.216665817709353
25.817680831848335        8.214657153468039
25.93880820415685         8.212642151344511
26.059935576465364        8.210586185227895
26.181062948773878        8.208530425710792
26.302190321082392        8.20651892364917
26.4233176933909          8.204525507041302
26.544445065699406        8.202534494340206
26.665572438007928        8.200499103717394
26.786699810316435        8.198474572469053
26.90782718262495         8.196470586778737
27.02895455493345         8.194492429628943
27.150081927241956        8.192514897071645
27.27120929955047         8.190538084187214
27.392336671858978        8.188555359982642
27.513464044167492        8.186595998161025
27.634591416476           8.184618118157232
27.755718788784506        8.182654334321136
27.87684616109302         8.18068653648583
27.997973533401527        8.178705094447116
28.11910090571004         8.176749172637376
28.24022827801855         8.174811365243398
28.361355650327056        8.172872997156762
28.482483022635577        8.170928478994622
28.603610394944084        8.1689940349219
28.72473776725259         8.167080115310373
28.8458651395611          8.16519241064044
28.966992511869606        8.16328231775717
29.088119884178127        8.161332612457226
29.209247256486634        8.159396931565995
29.33037462879515         8.15749915445523
29.45150200110365         8.155616810093958
29.572629373412163        8.153735946464549
29.693756745720677        8.151824086100753
29.814884118029184        8.149912283259978
29.93601149033769         8.148029910854556
30.057138862646198        8.14617331433048
30.178266234954705        8.144314166573832
30.299393607263227        8.142427536164089
30.420520979571727        8.14052764105788
30.54164835188024         8.138675817753812
30.662775724188748        8.136839819458997
30.783903096497255        8.135006173664532
30.905030468805776        8.133138492459388
31.026157841114276        8.13127334886249
31.14728521342279         8.129434587857448
31.26841258573129         8.127624959227393
31.389539958039798        8.125810223239137
31.51066733034832         8.123965672898738
31.631794702656826        8.12211378558684
31.75292207496534         8.120306487173314
31.874049447273848        8.118515381289065
31.995176819582362        8.11672533924528
32.116304191890876        8.114900700212946
32.23743156419938         8.11308095577649
32.358558936507904        8.111290701793129
32.479686308816405        8.109523533161132
32.60081368112492         8.10775386009345
32.72194105343343         8.105951715263457
32.84306842574194         8.104146080332088
32.964195798050454        8.102382160588949
33.085323170358954        8.10063418478366
33.20645054266747         8.098888075369711
33.32757791497598         8.097108106800974
33.44870528728449         8.095336422442173
33.569832659593004        8.093587864785935
33.69096003190151         8.091867104220125
33.81208740421002         8.09014071827433
33.93321477651853         8.088380341117842
34.05434214882704         8.086622065637373
34.175469521135554        8.08490102176494
34.29659689344405         8.08319634521557
34.41772426575256         8.081494088246862
34.53885163806108         8.079754402716695
34.6599790103696          8.07802415805857
34.78110638267811         8.076312760826807
34.90223375498661         8.074623413187613
35.02336112729512         8.072933459278406
35.144488499603646        8.07123236470987
35.265615871912146        8.06955344194137
35.38674324422065         8.067887736103666
35.50787061652916         8.066199703408431
35.62899798883767         8.064525410392461
35.75012536114619         8.062847593281443
35.871252733454696        8.06115844257497
35.99238010576321         8.059492626259658
36.11350747807171         8.057843882878071
36.234634850380225        8.056192032462626
36.35576222268874         8.05453857673834
36.476889594997246        8.05289298823113
36.59801696730577         8.051264645097437
36.71914433961427         8.04965784697636
36.84027171192278         8.048034254376747
36.9613990842313          8.046378927858466
37.0825264565398          8.044738389592295
37.20365382884832         8.043120667427539
37.32478120115682         8.041530155887985
37.445908573465324        8.039935744694471
37.56703594577385         8.038300975940697
37.68816331808235         8.036682155045762
37.80929069039087         8.035098945043599
37.930418062699374        8.033521894429962
38.051545435007874        8.031943685938806
38.172672807316395        8.03034681932917
38.2938001796249          8.028738038096423
38.41492755193342         8.02717230891193
38.53605492424192         8.025617872311368
38.65718229655043         8.024066392610164
38.77830966885895         8.022487162095164
38.89943704116746         8.020910516510101
39.020564413475974        8.019359471951272
39.141691785784474        8.017829642277901
39.26281915809299         8.016296390889233
39.38394653040151         8.01473952540549
39.50507390271001         8.013177690038345
39.62620127501852         8.01165709450072
39.74732864732702         8.010144039369083
39.86845601963554         8.008633960198278
39.98958339194405         8.00709687620843
40.11071076425256         8.00556426612767
40.23183813656107         8.004056847698264
40.35296550886957         8.002569578922888
40.47409288117808         8.001080673972222
40.5952202534866          7.999564802080487
40.71634762579511         7.998046811244144
40.83747499810363         7.996564374458186
40.95860237041213         7.995095872132345
41.07972974272064         7.993629446810958
41.200857115029166        7.992135115697146
41.321984487337666        7.990648479480021
41.44311185964618         7.989180306660945
41.56423923195467         7.987737936834154
41.68536660426319         7.9862913585811075
41.806493976571716        7.984816103409132
41.927621348880216        7.983343268046145
42.04874872118873         7.9819023714946296
42.16987609349722         7.980474570617832
42.29100346580574         7.979050298738083
42.41213083811426         7.977595187039547
42.533258210422765        7.976150452493197
42.65438558273128         7.974719645041441
42.77551295503978         7.97330824070696
42.896640327348294        7.971896894270582
43.01776769965681         7.97047916445957
43.13889507196532         7.969077170973885
43.26002244427383         7.9676881437023095
43.38114981658234         7.966281086379571
43.50227718889085         7.964885680720734
43.62340456119937         7.963488303082815
43.74453193350787         7.962081249937631
43.865659305816386        7.960695249768745
43.986786678124886        7.959322910801417
44.10791405043339         7.957950853836416
44.229041422741915        7.956580849523205
44.35016879505042         7.955212697339079
44.47129616735893         7.953869445538053
44.592423539667436        7.952508613975276
44.713550911975936        7.95115928406847
44.83467828428446         7.949803924504991
44.955805656592965        7.948436246752183
45.07693302890148         7.947101060283995
45.198060401209986        7.9457818658946175
45.319187773518486        7.944460930831465
45.44031514582701         7.943109555206265
45.56144251813551         7.941770477089236
45.68256989044402         7.940463783119977
45.80369726275252         7.939161212273762
45.92482463506103         7.937857008717601
46.04595200736955         7.936536685896686
46.16707937967806         7.9352093459446165
46.28820675198658         7.933915427991609
46.40933412429508         7.932636478848889
46.53046149660359         7.93134585202758
46.651588868912114        7.930047762997706
46.772716241220614        7.9287565094053365
46.89384361352913         7.92749478177718
47.01497098583763         7.926235201667207
47.13609835814614         7.9249645015394785
47.25722573045466         7.9236828475659715
47.37835310276316         7.922400252089008
47.499480475071664        7.921150515061126
47.62060784738017         7.919906139045317
47.74173521968868         7.918667852649116
47.86286259199719         7.917407905579804
47.98398996430569         7.9161526404527205
48.105117336614214        7.914918150716576
48.22624470892271         7.91370041614329
48.34737208123122         7.912481349478149
48.46849945353974         7.911241873803348
48.58962682584825         7.910001359365738
48.71075419815676         7.9087897781063505
48.831881570465264        7.907589551781398
48.95300894277377         7.906393798284987
49.07413631508229         7.905171453959901
49.1952636873908          7.903957190670896
49.31639105969931         7.902756988576002
49.43751843200781         7.9015809186218195
49.55864580431632         7.900390901472451
49.67977317662484         7.899205100994429
49.80090054893334         7.898027548430747
49.92202792124185         7.896865226938768
50.04315529355035         7.895687794910318
50.164282665858856        7.89451853472895
50.285410038167385        7.893351391734843
50.406537410475885        7.892178546420645
50.5276647827844          7.8910192953745915
50.64879215509289         7.889877068396962
50.769919527401406        7.888736629996189
50.891046899709934        7.887587292714555
51.012174272018434        7.886452380590471
51.133301644326956        7.885331342625231
51.25442901663545         7.884194557545609
51.375556388943956        7.883067723123931
51.49668376125248         7.881940308606581
51.617811133560984        7.880807855726548
51.738938505869505        7.879690993950488
51.860065878178           7.8785860796840534
51.981193250486506        7.877481875849327
52.10232062279502         7.876380308423194
52.22344799510353         7.875280900285852
52.34457536741204         7.874201688085227
52.465702739720534        7.873109646385381
52.58683011202904         7.872028167847942
52.70795748433756         7.870941824748766
52.82908485664607         7.869845408033725
52.950212228954584        7.8687757170720065
53.071339601263084        7.867720397144376
53.1924669735716          7.866664653871336
53.31359434588012         7.865584808663877
53.43472171818863         7.864515575152514
53.55584909049715         7.863472892024743
53.67697646280564         7.862434096826421
53.79810383511415         7.861394775879185
53.919231207422676        7.860343136972426
54.040358579731176        7.859286710043521
54.16148595203969         7.858257724015041
54.28261332434818         7.8572415958857595
54.40374069665669         7.856215957604557
54.52486806896521         7.8551859038861105
54.64599544127372         7.854162775248142
54.76712281358223         7.8531622031369315
54.88825018589073         7.852164223553722
55.00937755819924         7.851157022500625
55.13050493050776         7.850144058403197
55.25163230281626         7.849131043809115
55.37275967512478         7.8481348508309505
55.493887047433276        7.847147234414956
55.61501441974178         7.84616497363274
55.73614179205031         7.845187413862317
55.85726916435881         7.844212216666786
55.97839653666733         7.843242772895865
56.099523908975826        7.84228358031369
56.22065128128434         7.841318044117994
56.34177865359286         7.8403462928160845
56.46290602590136         7.839375317353741
56.58403339820987         7.838427832330524
56.70516077051837         7.837485265861463
56.82628814282688         7.836549045262674
56.94741551513539         7.835593964328215
57.068542887443904        7.834644439119336
57.18967025975242         7.833707451964203
57.31079763206091         7.832789979299101
57.431925004369425        7.831861594084622
57.55305237667794         7.830939843178667
57.67417974898645         7.830024015038169
57.79530712129496         7.829118853344582
57.91643449360346         7.8282064031657335
58.03756186591197         7.827299315496888
58.15868923822049         7.8263939094511645
58.279816610529           7.82548474770832
58.40094398283752         7.824587644774929
58.52207135514601         7.823704304647718
58.643198727454525        7.82282258461137
58.76432609976305         7.821935958714307
58.88545347207155         7.821061894967472
59.006580844380075        7.820197220441268
59.12770821668856         7.819321767298862
59.248835588997075        7.8184559802630025
59.3699629613056          7.817589940317664
59.491090333614096        7.816719841138827
59.6122177059226          7.815863591741466
59.733345078231096        7.81501696462481
59.85447245053961         7.8141719659256115
59.97559982284814         7.813329478024573
60.09672719515664         7.812489300388225
60.21785456746515         7.811665537148296
60.338981939773646        7.810833101897407
60.46010931208216         7.810009537617265
60.58123668439068         7.809182796656603
60.70236405669919         7.808349130795195
60.8234914290077          7.807537998824769
60.9446188013162          7.806736764041689
61.06574617362471         7.805936430497071
61.18687354593323         7.805119105809806
61.30800091824174         7.80431063304106
61.42912829055025         7.803523039460001
61.55025566285875         7.802739158605538
61.67138303516726         7.801955827987828
61.79251040747578         7.801163916187145
61.91363777978428         7.800369465073072
62.034765152092795        7.799596447758767
62.15589252440129         7.7988339307650305
62.277019896709795        7.798065536272558
62.39814726901832         7.797293917840227
62.519274641326824        7.796528696924747
62.64040201363534         7.79578144363135
62.76152938594384         7.795036835027641
62.88265675825234         7.794286158360831
63.00378413056088         7.793532196621628
63.124911502869374        7.792779117302042
63.24603887517789         7.792039345840011
63.36716624748638         7.791307183749917
63.4882936197949          7.790579632437866
63.60942099210342         7.789857547214714
63.73054836441193         7.789138921522968
63.851675736720445        7.7884238836414434
63.97280310902894         7.787715121295664
64.09393048133744         7.7870049027045285
64.21505785364596         7.7862888866867666
64.33618522595447         7.785575092708193
64.45731259826299         7.78487546042153
64.57843997057147         7.784180301893035
64.69956734287999         7.783491370918426
64.82069471518851         7.782805051872922
64.94182208749702         7.782124664447478
65.06294945980555         7.781448739628617
65.18407683211403         7.780779649405248
65.30520420442255         7.780105653738243
65.42633157673107         7.779430449767934
65.54745894903957         7.7787572112668055
65.66858632134809         7.778101253732125
65.78971369365658         7.7774492956160755
65.91084106596509         7.776802125726649
66.03196843827361         7.776143227977873
66.15309581058212         7.775490931872168
66.27422318289062         7.774847065960976
66.39535055519912         7.774214036956328
66.51647792750762         7.7735828626053705
66.63760529981616         7.772950982803952
66.75873267212465         7.77232769507536
66.87986004443317         7.7717107043701175
67.00098741674167         7.77108926869994
67.12211478905019         7.770475235453554
67.24324216135872         7.769861684683508
67.36436953366722         7.769246456237008
67.48549690597575         7.768641990298844
67.60662427828423         7.768045396775696
67.72775165059275         7.767451045462538
67.84887902290127         7.766859266930009
67.97000639520977         7.766270346921622
68.09113376751829         7.765693896172704
68.21226113982678         7.765112414201968
68.33338851213529         7.76453837016311
68.45451588444381         7.763963001773036
68.5756432567523          7.763383855471261
68.69677062906082         7.7628207287256
68.81789800136931         7.762266533299161
68.93902537367782         7.7617141214466825
69.06015274598634         7.7611507027662885
69.18128011829485         7.760594595372368
69.30240749060337         7.760053721757643
69.42353486291188         7.759516687951381
69.54466223522037         7.758981103888858
69.66578960752891         7.758440658486978
69.7869169798374          7.75789982883667
69.90804435214592         7.7573749029131704
70.02917172445441         7.756858222858744
70.15029909676292         7.756338015556377
70.27142646907146         7.755816833051605
70.39255384137996         7.75530132279107
70.51368121368849         7.75479905522483
70.63480858599696         7.754299800986001
70.75593595830547         7.75379744198308
70.877063330614           7.753294032761971
70.99819070292251         7.752792652332281
71.11931807523102         7.752301822313742
71.24044544753951         7.75181617454091
71.36157281984802         7.751335204741275
71.48270019215654         7.750858563050988
71.60382756446505         7.750384968966804
71.72495493677356         7.749915291525145
71.84608230908206         7.749452449546038
71.96720968139057         7.748988415536903
72.0883370536991          7.748524154517969
72.2094644260076          7.748061369001372
72.33059179831612         7.747606977788751
72.45171917062461         7.7471588041156
72.57284654293312         7.746715239958591
72.69397391524167         7.746274676814115
72.81510128755016         7.745838975096562
72.93622865985868         7.745407465973904
73.05735603216716         7.744981790903672
73.17848340447567         7.744554407325711
73.29961077678419         7.744127195194758
73.4207381490927          7.743701425075426
73.5418655214012          7.743286630836295
73.6629928937097          7.742878851639825
73.7841202660182          7.742472195618097
73.90524763832673         7.742064427293271
74.02637501063525         7.7416649197636715
74.14750238294376         7.741273771725681
74.26862975525226         7.740884588364241
74.38975712756077         7.740493612570175
74.51088449986929         7.740103264037302
74.6320118721778          7.7397155290027015
74.7531392444863          7.739341219657219
74.8742666167948          7.738967318551085
74.9953939891033          7.738597633577688
75.11652136141184         7.73822878087764
75.23764873372035         7.737860138317551
75.35877610602887         7.73749928509807
75.47990347833736         7.7371451322022295
75.60103085064588         7.736793330962531
75.7221582229544          7.736444870920404
75.84328559526291         7.736099490560669
75.96441296757142         7.735763359983619
76.08554033987991         7.735424473866725
76.20666771218843         7.735091938114554
76.32779508449696         7.734760167110289
76.44892245680545         7.734427948457563
76.57004982911398         7.734106466766362
76.69117720142246         7.733791451062176
76.81230457373098         7.733478705776013
76.9334319460395          7.73316125810045
77.054559318348           7.732849767751266
77.17568669065652         7.732548251967044
77.296814062965           7.732250407293798
77.4179414352735          7.731954996407881
77.53906880758205         7.731658333018759
77.66019617989055         7.7313632201675295
77.78132355219907         7.731078260391273
77.90245092450756         7.730799287214468
78.02357829681607         7.730520395481866
78.1447056691246          7.730242412537602
78.2658330414331          7.729969268080394
78.38696041374162         7.72970460937455
78.5080877860501          7.729443264059101
78.6292151583586          7.729182119482328
78.75034253066714         7.728921724705664
78.87146990297565         7.728664150551374
78.99259727528418         7.728414221813397
79.11372464759268         7.728168131653046
79.23485201990117         7.727926399899465
79.3559793922097          7.727688519833626
79.4771067645182          7.727454194663985
79.59823413682672         7.727222849561072
79.71936150913521         7.7269970999855415
79.8404888814437          7.726772517352589
79.96161625375224         7.726549644917938
80.08274362606075         7.726329518779921
80.20387099836927         7.726115705078335
80.32499837067776         7.725905915127793
80.44612574298627         7.725700428544216
80.5672531152948          7.725498121971196
80.6883804876033          7.725300100371969
80.80950785991182         7.7251058380180515
80.9306352322203          7.724916023325298
81.05176260452882         7.7247274567502675
81.17288997683734         7.724540902327956
81.29401734914585         7.724357273008058
81.41514472145438         7.72418045939571
81.53627209376286         7.724008068459884
81.65739946607138         7.72383802114677
81.7785268383799          7.723670055511063
81.8996542106884          7.723506530408157
82.02078158299692         7.723349202799548
82.1419089553054          7.723195231049079
82.26303632761392         7.7230442951758915
82.38416369992244         7.72289337186296
82.50529107223095         7.722746212379956
82.62641844453947         7.722605391269919
82.74754581684796         7.722469156302979
82.86867318915648         7.722335943467233
82.989800561465           7.722204462461129
83.1109279337735          7.722074965437651
83.23205530608202         7.721952198615279
83.3531826783905          7.7218336981671
83.47431005069902         7.7217186808687535
83.59543742300754         7.721605027552593
83.71656479531605         7.721495902210898
83.83769216762458         7.721390486785028
83.95881953993306         7.721289236153878
84.07994691224158         7.721191336290237
84.20107428455009         7.721095406725098
84.3222016568586          7.721002557101546
84.44261567104807         7.72091569367852
84.56302968523752         7.720832773946974
84.683443699427           7.72075274147008
84.80385771361648         7.7206751796366495
84.92427172780593         7.72060202901284
85.0361372350645          7.72053792263255
85.14800274232303         7.720477082970306
85.2598682495816          7.720418435135361
85.3717337568402          7.7203626848636
85.48359926409874         7.720309494035153
85.57857992999176         7.720267431210962
85.67356059588474         7.720227666682485
85.76854126177773         7.720190195393469
85.86352192767075         7.7201538744541285
85.95850259356374         7.72012024443875
86.03625256666989         7.720094701092445
86.11400253977602         7.72007056234085
86.19175251288218         7.720047655490103
86.26950248598835         7.720026327359423
86.34725245909449         7.720006126337186
86.41145426431062         7.719990714468572
86.47565606952672         7.719976331146079
86.53985787474285         7.719962944945626
86.60405967995901         7.719950608915156
86.66826148517511         7.719939220030686
86.72163920672152         7.719930532432791
86.7750169282679          7.719922541141039
86.82839464981431         7.7199152183929645
86.88177237136074         7.719908615971651
86.93515009290714         7.719902694126016
86.97887621985002         7.71989834655186
87.02260234679288         7.719894436691526
87.06632847373574         7.719890989392339
87.11005460067865         7.719887991960666
87.15378072762151         7.71988547400837
87.18967213671034         7.719883760812745
87.22556354579915         7.719882349982851
87.26145495488797         7.719881259865804
87.29734636397681         7.7198804776291245
87.33323777306562         7.719880000503343
87.36440299185575         7.71987983880965
87.39556821064585         7.719879924128256
87.42673342943596         7.719880233139082
87.4578986482261          7.719880779108643
87.48906386701621         7.719881584490231
