0                         -8.961179890873753
0.023200650413329527      -8.960620215303674
0.04640130082665905       -8.959642419873424
0.06960195123998858       -8.958541063277226
0.0928026016533181        -8.957589958168219
0.11600325206664763       -8.95659565020498
0.14268232579097173       -8.955473037211096
0.16936139951529583       -8.954376684648318
0.19604047323961993       -8.95324157584058
0.22271954696394403       -8.952104702213244
0.24939862068826812       -8.950979387461425
0.28184342344057          -8.949616262384145
0.3142882261928719        -8.948247806213116
0.34673302894517377       -8.946876801817217
0.37917783169747565       -8.945510606652112
0.41162263444977754       -8.944151233159056
0.4511738865989159        -8.942501704564384
0.49072513874805423       -8.94084514716759
0.5302763908971926        -8.939186446540184
0.5698276430463309        -8.93752735193442
0.6093788951954693        -8.935872855333292
0.6568505153128541        -8.933892779731421
0.7043221354302389        -8.931913795151626
0.7517937555476237        -8.929929697968742
0.7992653756650085        -8.92794462765834
0.8467369957823934        -8.925963917139942
0.9040701975224366        -8.923584487151901
0.9614033992624798        -8.921209248860116
1.018736601002523         -8.918841387300313
1.0760698027425661        -8.91646647260935
1.1334030044826093        -8.914091232877244
1.2033446188802515        -8.91120817877092
1.2732862332778936        -8.908333995008833
1.3432278476755357        -8.905451526165024
1.4131694620731778        -8.90256545341841
1.48311107647082          -8.899692814708166
1.565808468707047         -8.896313095246647
1.6485058609432741        -8.892950573043654
1.7312032531795012        -8.889579285497057
1.8139006454157283        -8.886191158102784
1.8965980376519553        -8.882833183616068
1.986033339882951         -8.87922475989921
2.0754686421139468        -8.875623735551363
2.1649039443449425        -8.872011493604724
2.254339246575938         -8.868391163167844
2.343774548806934         -8.864781965389362
2.433974339792968         -8.861171180896745
2.524174130779002         -8.857572394352443
2.6143739217650364        -8.853981974687748
2.7045737127510705        -8.850388236855482
2.7947735037371046        -8.846799979300734
2.884973294723139         -8.84322846284774
2.975173085709173         -8.839671828527154
3.065372876695207         -8.836105602339504
3.1555726676812412        -8.83253510933259
3.2457724586672754        -8.828973757610607
3.3359722496533095        -8.82543971181405
3.4261720406393437        -8.821920056731225
3.516371831625378         -8.818401781337919
3.606571622611412         -8.814890300949136
3.696771413597446         -8.81137862478097
3.7869712045834802        -8.807896672080252
3.8771709955695144        -8.804413827235434
3.9673707865555485        -8.800924179984236
4.057570577541583         -8.79742982409183
4.147770368527617         -8.793946905924196
4.237970159513651         -8.790491283817222
4.328169950499685         -8.787049710633141
4.418369741485719         -8.783609308993375
4.508569532471753         -8.780173908803288
4.5987693234577876        -8.776743980030684
4.688969114443822         -8.773328340292476
4.779168905429849         -8.769924748302056
4.869368696415883         -8.766512609567352
4.959568487401917         -8.76309491209128
5.049768278387951         -8.759694503526791
5.139968069373985         -8.756311709917735
5.2301678603600195        -8.752951335823406
5.320367651346054         -8.749592438489234
5.410567442332088         -8.74623428082061
5.500767233318122         -8.74287723809409
5.590967024304156         -8.739549458865461
5.681166815290183         -8.736218880993071
5.771366606276217         -8.732881084714734
5.861566397262251         -8.729539978547248
5.9517661882482855        -8.72621601200433
6.04196597923432          -8.722909753915868
6.132165770220347         -8.719625941431199
6.222365561206381         -8.716343435530792
6.312565352192415         -8.71306170389859
6.402765143178442         -8.709781424426334
6.492964934164476         -8.706529666666862
6.583164725150503         -8.703275288186864
6.673364516136537         -8.700013892875681
6.7635643071225715        -8.696750547809343
6.853764098108606         -8.693501901449656
6.94396388909464          -8.690278460032994
7.034163680080667         -8.687066922402021
7.124363471066701         -8.683855954496787
7.214563262052735         -8.680651090293331
7.304763053038769         -8.677447059128989
7.394962844024803         -8.67427139900771
7.4851626350108305        -8.671092398151671
7.575362425996865         -8.667906655650636
7.665562216982899         -8.66471917615964
7.755762007968933         -8.661547408474343
7.845961798954967         -8.658393183377722
7.936161589941001         -8.655259330327969
8.026361380927035         -8.652127274741881
8.11656117191307          -8.648996568281694
8.206760962899104         -8.645865715690368
8.296960753885138         -8.642750263626521
8.387160544871172         -8.6396554099706
8.477360335857206         -8.636559414898617
8.56756012684324          -8.633448907139776
8.657759917829274         -8.63034691287259
8.747959708815308         -8.627274896821142
8.838159499801343         -8.624224508717976
8.928359290787377         -8.621165257152619
9.018559081773411         -8.618095029465726
9.108758872759445         -8.61503727189058
9.19895866374548          -8.611996328151143
9.289158454731513         -8.608976692700326
9.379358245717548         -8.605955217190695
9.469558036703582         -8.60291947356269
9.559757827689616         -8.599892475871972
9.64995761867565          -8.596894888713852
9.740157409661684         -8.593918239572165
9.830357200647718         -8.590933157973733
9.920556991633752         -8.58793749959857
10.010756782619787        -8.584954199037002
10.10095657360582         -8.581987527938269
10.191156364591848        -8.57904156504603
10.281356155577882        -8.576093782204584
10.371555946563916        -8.573132266656048
10.46175573754995         -8.570179701329
10.551955528535984        -8.567256038257453
10.642155319522011        -8.564352973991696
10.732355110508045        -8.561439863381782
10.82255490149408         -8.558518138563667
10.912754692480114        -8.555607933503758
11.002954483466148        -8.552719371467253
11.093154274452182        -8.549845277590128
11.183354065438216        -8.546969920308447
11.27355385642425         -8.544083355295404
11.363753647410284        -8.5412107821308
11.453953438396319        -8.53836187570152
11.544153229382353        -8.535523657305832
11.634353020368387        -8.532678026764174
11.724552811354421        -8.529826091691195
11.814752602340448        -8.526987508319229
11.904952393326482        -8.524175576683671
11.99515218431251         -8.521379682134896
12.085351975298543        -8.51857727738516
12.175551766284578        -8.515766855865824
12.265751557270605        -8.512968949425488
12.355951348256639        -8.510193112792807
12.446151139242666        -8.50742631436434
12.5363509302287          -8.504655106920392
12.626550721214741        -8.501870806239276
12.716750512200768        -8.499104606413423
12.806950303186802        -8.496366145286814
12.897150094172837        -8.493641041071351
12.98734988515887         -8.490910399281853
13.077549676144905        -8.488172868587855
13.167749467130939        -8.48544753098872
13.257949258116973        -8.48274409597897
13.348149049103007        -8.48005042253712
13.438348840089041        -8.477350576410098
13.528548631075076        -8.474638179696358
13.618748422061103        -8.471943954687951
13.708948213047137        -8.469276552637515
13.799148004033164        -8.466624002986086
13.889347795019198        -8.463965116816407
13.979547586005232        -8.46129917115556
14.069747376991266        -8.458645760352404
14.1599471679773          -8.456013769613895
14.250146958963327        -8.453391467921067
14.340346749949362        -8.450763014914658
14.430546540935396        -8.448122451775367
14.52074633192143         -8.445499434792302
14.610946122907464        -8.442902956316164
14.701145913893491        -8.440317250313452
14.791345704879525        -8.437739121413763
14.88154549586556         -8.43515421895109
14.971745286851586        -8.43256585861951
15.06194507783762         -8.430000080108341
15.152144868823648        -8.427444888631861
15.242344659809682        -8.42488282510547
15.332544450795716        -8.422319191844993
15.422744241781743        -8.419767992071083
15.512944032767777        -8.417241587381294
15.603143823753804        -8.414726517163652
15.693343614739838        -8.412218863436264
15.783543405725872        -8.409704693012818
15.873743196711906        -8.407187213742404
15.96394298769794         -8.404692178140422
16.054142778683975        -8.402207189504429
16.144342569670002        -8.399715807270443
16.234542360656043        -8.397223030314066
16.324742151642077        -8.394742546330153
16.41494194262811         -8.392286318688946
16.50514173361413         -8.389840913761201
16.595341524600165        -8.387401885416137
16.685541315586207        -8.38495654479778
16.775741106572234        -8.382510879046256
16.865940897558268        -8.380084666457684
16.956140688544302        -8.377671662700875
17.046340479530336        -8.375255402895688
17.13654027051637         -8.37282902396901
17.226740061502397        -8.370418326727348
17.31693985248843         -8.368031918165949
17.40713964347446         -8.365656685653619
17.497339434460486        -8.363288041508035
17.587539225446527        -8.360913638128826
17.677739016432554        -8.358536395798177
17.767938807418588        -8.356181397092204
17.858138598404615        -8.353835284435975
17.94833838939065         -8.351483666505795
18.038538180376683        -8.349131153808955
18.128737971362717        -8.346790647302765
18.21893776234875         -8.344473397401256
18.30913755333477         -8.342166571859776
18.399337344320806        -8.339865704611713
18.48953713530684         -8.337559109163427
18.579736926292867        -8.335253160626884
18.6699367172789          -8.332965665064084
18.760136508264928        -8.330691643659245
18.850336299250962        -8.328413235874002
18.940536090236996        -8.326126410517697
19.03073588122303         -8.323855546452679
19.120935672209065        -8.321607930990783
19.2111354631951          -8.319369792188875
19.301335254181133        -8.317137206527685
19.391535045167174        -8.314897320568651
19.4817348361532          -8.312659999714379
19.571934627139235        -8.310440792589732
19.662134418125255        -8.308235211112937
19.752334209111282        -8.306025186538054
19.842534000097324        -8.303807347924831
19.932733791083358        -8.301604972093626
20.022933582069392        -8.299425859160692
20.113133373055412        -8.297255480002523
20.203333164041446        -8.29509101743806
20.29353295502748         -8.29291916849911
20.383732746013507        -8.290750271459734
20.47393253699954         -8.288599121523037
20.56413232798557         -8.286460554670944
20.6543321189716          -8.2843188780408
20.744531909957633        -8.28217011363932
20.834731700943667        -8.280036178157733
20.924931491929705        -8.277924636329836
21.01513128291573         -8.275821973772349
21.10533107390176         -8.273724633040096
21.1955308648878          -8.271620621001878
21.285730655873827        -8.269519733120461
21.37593044685986         -8.267436213225709
21.46613023784589         -8.265365141975042
21.55633002883192         -8.263290659445152
21.646529819817957        -8.261210049555023
21.736729610803987        -8.259143745786357
21.826929401790025        -8.25709959966029
21.917129192776052        -8.255063849907637
22.007328983762086        -8.25303328957396
22.09752877474812         -8.250996740151844
22.187728565734147        -8.248963993871575
22.27792835672018         -8.246947220822216
22.36812814770621         -8.244943900307108
22.45832793869224         -8.242935857023657
22.54852772967828         -8.240922187937452
22.638727520664307        -8.238923070024951
22.72892731165034         -8.236946273134526
22.819127102636372        -8.234977154515024
22.909326893622403        -8.233014571191823
22.999526684608437        -8.231045835312266
23.089726475594468        -8.229077538941429
23.1799262665805          -8.227130254397194
23.270126057566525        -8.22518923029662
23.360325848552556        -8.223245150118661
23.450525639538593        -8.221301207507917
23.540725430524628        -8.219369829642858
23.630925221510665        -8.21745956869543
23.72112501249669         -8.215556473124902
23.811324803482723        -8.213659216556128
23.90152459446876         -8.211754716553525
23.991724385454788        -8.209853985902232
24.081924176440822        -8.207970341934058
24.17212396742685         -8.206099376607488
24.26232375841288         -8.204224627198448
24.352523549398917        -8.202344913612537
24.442723340384948        -8.200478981894134
24.532923131370985        -8.198634448216266
24.62312292235701         -8.196797268171514
24.71332271334304         -8.194966278365907
24.80352250432908         -8.19312958913283
24.893722295315108        -8.191293955836093
24.983922086301142        -8.189478547369037
25.074121877287165        -8.187669080763566
25.164321668273196        -8.185857399982238
25.254521459259237        -8.184046017319881
25.344721250245268        -8.18224716374859
25.434921041231306        -8.180464528544935
25.525120832217333        -8.17869382269629
25.615320623203367        -8.176928004834227
25.7055204141894          -8.175157827830096
25.795720205175428        -8.173388201593621
25.885919996161462        -8.171637956401373
25.976119787147486        -8.169893394933904
26.06631957813352         -8.168146973248465
26.156519369119557        -8.166401068338034
26.246719160105588        -8.164667074650229
26.336918951091622        -8.16295331608943
26.427118742077653        -8.16124678307568
26.517318533063683        -8.159545225784626
26.60751832404972         -8.157832119551605
26.697718115035748        -8.156134660330563
26.787917906021782        -8.154445995343975
26.878117697007816        -8.152768089639558
26.968317487993847        -8.1510885837713
27.058517278979885        -8.149409818595034
27.148717069965915        -8.147738290811624
27.238916860951953        -8.14608273893169
27.329116651937976        -8.144434420472102
27.419316442924007        -8.142794893702831
27.50951623391005         -8.141157378428217
27.59971602489608         -8.13952232693032
27.689915815882117        -8.137905488468038
27.78011560686814         -8.136290519498496
27.87031539785417         -8.134675032189199
27.960515188840212        -8.133059562347263
28.05071497982624         -8.131453066935643
28.140914770812273        -8.129861691988589
28.231114561798297        -8.128277443962151
28.32131435278433         -8.126701828767544
28.411514143770372        -8.12512832728413
28.5017139347564          -8.123557988246954
28.591913725742437        -8.12200392231438
28.682113516728457        -8.12045304811211
28.772313307714494        -8.118901738924542
28.862513098700536        -8.117350660693024
28.952712889686566        -8.115808260178106
29.042912680672607        -8.114279099751863
29.133112471658627        -8.11275800000057
29.223312262644665        -8.11124693703007
29.313512053630703        -8.109737901763495
29.403711844616733        -8.108231814668276
29.49391163560277         -8.106740730037513
29.584111426588795        -8.105253316971826
29.67431121757483         -8.103765609011925
29.764511008560866        -8.102278568836455
29.854710799546893        -8.100799298724848
29.944910590532928        -8.099333774249793
30.03511038151895         -8.097876128146119
30.125310172504978        -8.096428082759152
30.215509963491023        -8.094982211380268
30.305709754477054        -8.093539418068776
30.395909545463088        -8.09211130284865
30.48610933644911         -8.090686745993933
30.576309127435145        -8.089262128907302
30.666508918421187        -8.087838313982854
30.756708709407217        -8.086422538995281
30.846908500393255        -8.085019875557366
30.93710829137928         -8.083626570090194
31.027308082365316        -8.082239620629114
31.11750787335135         -8.08085647619425
31.207707664337384        -8.079476668988722
31.29790745532342         -8.078111505098677
31.388107246309442        -8.07674918500068
31.478307037295473        -8.07538714500331
31.568506828281517        -8.074026543737101
31.658706619267544        -8.07267352935572
31.74890641025358         -8.071337644264378
31.83910620123961         -8.070005411482342
31.929305992225636        -8.068678582682141
32.01950578321167         -8.067357774870414
32.109705574197704        -8.066040352640266
32.19990536518374         -8.064737139149013
32.290105156169766        -8.063437263586211
32.38030494715579         -8.06213794896379
32.47050473814184         -8.060840126839912
32.56070452912787         -8.059549828319525
32.65090432011391         -8.058272887178815
32.741104111099936        -8.057004463444288
32.83130390208596         -8.055739936830928
32.92150369307201         -8.054481043016203
33.01170348405804         -8.053225782658167
33.10190327504407         -8.051984326945945
33.1921030660301          -8.050746115505968
33.28230285701613         -8.049508789157294
33.37250264800217         -8.04827337469642
33.462702438988195        -8.04704549425791
33.55290222997424         -8.045827248316954
33.643102020960264        -8.044621883045608
33.73330181194629         -8.043420945189146
33.82350160293233         -8.042222771684834
33.91370139391836         -8.041030512220264
34.00390118490439         -8.039846313400176
34.09410097589042         -8.038669980321206
34.18430076687645         -8.037494136146579
34.274500557862495        -8.036319881671183
34.36470034884852         -8.035155135300212
34.454900139834564        -8.033999864744818
34.54509993082059         -8.032855699423502
34.635299721806625        -8.03171553946168
34.72549951279266         -8.030579122825726
34.815699303778686        -8.02944657048186
34.90589909476472         -8.028327377061258
34.99609888575075         -8.027210783188405
35.08629867673678         -8.026095312066817
35.176498467722816        -8.024982235068318
35.26669825870885         -8.023878510724154
35.35689804969489         -8.022784166748805
35.44709784068091         -8.021700773160722
35.537297631666945        -8.02062136745822
35.62749742265298         -8.019545779125913
35.717697213639006        -8.018474202831257
35.80789700462505         -8.017415548014593
35.898096795611075        -8.016359567892366
35.98829658659711         -8.015304851351447
36.07849637758315         -8.014253067171495
36.16869616856918         -8.013210062633727
36.25889595955522         -8.012176367663898
36.349095750541245        -8.011153362072562
36.43929554152727         -8.010134350706005
36.529495332513314        -8.00911922208493
36.61969512349934         -8.00810824087066
36.709894914485375        -8.007109740426479
36.8000947054714          -8.006113984739445
36.89029449645743         -8.005119784889455
36.98049428744347         -8.004128683327945
37.070694078429504        -8.003146174100094
37.160893869415546        -8.002172745924286
37.251093660401565        -8.001209702352108
37.34129345138759         -8.000250710219278
37.431493242373634        -7.999295693434708
37.52169303335966         -7.998344954274183
37.6118928243457          -7.997406230229662
37.70209261533173         -7.9964704183098
37.792292406317756        -7.995536288818015
37.8824921973038          -7.994605557836299
37.972691988289824        -7.993683358575825
38.06289177927586         -7.992771968509836
38.15309157026189         -7.991871149773955
38.24329136124792         -7.99097057873319
38.33349115223396         -7.990070998252878
38.423690943219995        -7.989178579343174
38.51389073420603         -7.988296570600205
38.60409052519205         -7.987422620838831
38.69429031617808         -7.986552330200072
38.784490107164125        -7.985681774085705
38.87468989815015         -7.984817561114782
38.964889689136186        -7.9839657006938065
39.055089480122206        -7.983123559681094
39.14528927110824         -7.982282833239015
39.23548906209429         -7.981442938220922
39.325688853080315        -7.980610445451743
39.41588864406636         -7.979786355658957
39.506088435052376        -7.978971923539964
39.59628822603842         -7.978160872883395
39.68648801702446         -7.977349900497396
39.77668780801048         -7.9765453372420145
39.86688759899651         -7.975752481049653
39.95708738998253         -7.974969131977084
40.04728718096857         -7.9741869652182835
40.137486971954615        -7.973406380246786
40.22768676294064         -7.972632850454636
40.317886553926684        -7.971868951202072
40.408086344912704        -7.971112737903348
40.49828613589874         -7.970360321725585
40.588485926884786        -7.969608480333556
40.67868571787081         -7.968863006003771
40.768885508856854        -7.968128950749564
40.859085299842874        -7.967403901958551
40.94928509082891         -7.966680180621141
41.03948488181495         -7.965957979676728
41.12968467280098         -7.965242941528244
41.21988446378701         -7.9645380156583485
41.31008425477303         -7.963841326249749
41.400284045759065        -7.963147243795207
41.49048383674511         -7.9624551563923145
41.58068362773114         -7.961770399937344
41.67088341871718         -7.961095006355725
41.7610832097032          -7.960425955476634
41.851283000689236        -7.9597599014777165
41.94148279167528         -7.9590947577978435
42.031682582661304        -7.958438173833092
42.12188237364734         -7.9577921233043
42.21208216463336         -7.95715336052034
42.30228195561939         -7.956517445682297
42.392481746605434        -7.955884023631384
42.48268153759147         -7.955257609329347
42.57288132857751         -7.954640278492524
42.66308111956353         -7.9540293829953095
42.75328091054956         -7.953421218882813
42.8434807015356          -7.952814382294657
42.93368049252163         -7.952215982192198
43.023880283507665        -7.951627744489493
43.114080074493685        -7.9510465563764425
43.20427986547972         -7.9504684178065705
43.29447965646577         -7.949893076193368
43.384679447451795        -7.949324619623744
43.474879238437836        -7.948764794088198
43.565079029423856        -7.948211210091206
43.65527882040988         -7.947660958554603
43.74547861139593         -7.947112418897309
43.83567840238196         -7.946571923583359
43.925878193368           -7.946040949287594
44.01607798435402         -7.9455172341784595
44.106277775340054        -7.944996599120695
44.1964775663261          -7.944478922790336
44.28667735731213         -7.943968097933857
44.37687714829816         -7.9434655550562665
44.46707693928418         -7.942969194408753
44.55727673027021         -7.942476354711409
44.64747652125626         -7.941985580610322
44.73767631224229         -7.941502481573409
44.827876103228334        -7.941028504472118
44.918075894214354        -7.94056093352739
45.00827568520038         -7.940098976177093
45.09847547618643         -7.9396402013660605
45.18867526717246         -7.939185768366902
45.27887505815849         -7.938739340801174
45.36907484914451         -7.938299928205446
45.45927464013054         -7.937864030798525
45.549474431116586        -7.937430712828683
45.63967422210262         -7.937004937382396
45.72987401308866         -7.9365877952642
45.82007380407468         -7.9361769245035365
45.910273595060715        -7.935771827839536
46.00047338604676         -7.935370160500773
46.090673177032784        -7.9349725506765
46.18087296801882         -7.9345830956924575
46.27107275900484         -7.934199704854598
46.36127254999088         -7.933819970111562
46.45147234097691         -7.933444424154022
46.54167213196295         -7.933075732403205
46.63187192294899         -7.932715009518797
46.72207171393501         -7.9323605740449645
46.81227150492105         -7.9320117912839425
46.902471295907084        -7.931666713281751
46.99267108689311         -7.931325877429838
47.082870877879145        -7.930992871746404
47.173070668865165        -7.93066576228937
47.263270459851206        -7.930342600124734
47.35347025083725         -7.93002396325681
47.443670041823275        -7.9297117973207225
47.533869832809316        -7.929407299298563
47.624069623795336        -7.92910885718098
47.71426941478138         -7.928816090829703
47.80446920576742         -7.928527297030471
47.894668996753445        -7.928242957815088
47.98486878773949         -7.92796608219499
48.07506857872551         -7.9276949881952685
48.16526836971154         -7.927428146272431
48.25546816069759         -7.927165891356468
48.34566795168361         -7.926910220727374
48.43586774266964         -7.926661755348306
48.52606753365566         -7.926418996503163
48.6162673246417          -7.926181885837301
48.706467115627746        -7.925948588023605
48.79666690661377         -7.92572055592097
48.886866697599814        -7.925499359312833
48.977066488585834        -7.925284253990904
49.06726627957187         -7.925073725585633
49.157466070557916        -7.924867372723643
49.247665861543936        -7.924667571419276
49.33786565252997         -7.924474622317797
49.428065443516           -7.924287358680186
49.518265234502024        -7.924105709184063
49.60846502548807         -7.92392844441167
49.6986648164741          -7.9237561549051545
49.78886460746014         -7.923590601464043
49.87906439844617         -7.923430635766837
49.969264189432195        -7.923275415452917
50.059463980418236        -7.923125197548464
50.14966377140426         -7.9229811143167215
50.239099073635046        -7.922844552395505
50.328534375865814        -7.922713504760897
50.41796967809659         -7.9225878233701374
50.50740498032738         -7.922466532572087
50.596840282558155        -7.922350508405748
50.67953767479439         -7.922248650533139
50.7622350670306          -7.922152068698055
50.84493245926683         -7.922059762012607
50.92762985150308         -7.9219714950240485
51.01032724373929         -7.9218879466159215
51.08026885813693         -7.92182114919424
51.15021047253457         -7.92175784759288
51.22015208693222         -7.921697914490809
51.290093701329866        -7.921640983775907
51.36003531572751         -7.9215871945059195
51.41736851746756         -7.921545706908522
51.47470171920758         -7.921506504656492
51.53203492094762         -7.921469497047969
51.58936812268768         -7.921434588637303
51.646701324427724        -7.921401939467487
51.6941729445451          -7.921376622929904
51.74164456466248         -7.921352840998562
51.78911618477986         -7.921330537063905
51.836587804897256        -7.921309803708868
51.884059425014634        -7.921290585518827
51.92361067716378         -7.921275730714397
51.963161929312896        -7.921261958344197
52.002713181462035        -7.9212492080584775
52.04226443361118         -7.921237550133881
52.08181568576031         -7.921226876365883
52.11426048851261         -7.921218861683703
52.14670529126491         -7.921211608936429
52.1791500940172          -7.921205075080222
52.21159489676952         -7.921199233032687
52.24403969952182         -7.921194092223571
52.27071877324615         -7.9211904059475655
52.29739784697046         -7.9211872062054
52.32407692069479         -7.9211844781715115
52.350755994419124        -7.921182227059021
52.377435068143456        -7.921180451434371
52.4006357185568          -7.921179309543567
52.42383636897013         -7.921178536812929
52.447037019383465        -7.921178089476422
52.47023766979681         -7.921178030814211
52.49343832021014         -7.921178388367582
