  -5.15877     .05000    4.74800
  -5.15877     .10000    4.32800
  -5.15877     .20000    4.31400
  -5.15877     .40000    4.31400
  -5.15877     .80000    4.31400
  -4.46563     .05000    5.87400
  -4.46563     .10000    4.75500
  -4.46563     .20000    4.65200
  -4.46563     .40000    4.65100
  -4.46563     .80000    4.65100
  -3.77248     .05000    7.63800
  -3.77248     .10000    5.40400
  -3.77248     .20000    4.99400
  -3.77248     .40000    4.98000
  -3.77248     .80000    4.98000
  -3.07933     .05000   10.14200
  -3.07933     .10000    6.47300
  -3.07933     .20000    5.39300
  -3.07933     .40000    5.30100
  -3.07933     .80000    5.30000
  -2.38618     .05000   13.26200
  -2.38618     .10000    8.11100
  -2.38618     .20000    5.98600
  -2.38618     .40000    5.61500
  -2.38618     .80000    5.60400
  -1.69304     .05000   16.64600
  -1.69304     .10000   10.31700
  -1.69304     .20000    6.93300
  -1.69304     .40000    5.96400
  -1.69304     .80000    5.88800
   -.99989     .05000   20.20000
   -.99989     .10000   12.94900
   -.99989     .20000    8.33500
   -.99989     .40000    6.48000
   -.99989     .80000    6.17400
   -.30674     .05000   23.03400
   -.30674     .10000   15.36900
   -.30674     .20000    9.96800
   -.30674     .40000    7.18900
   -.30674     .80000    6.43400
    .38640     .05000   25.13800
    .38640     .10000   17.28100
    .38640     .20000   11.50300
    .38640     .40000    8.03800
    .38640     .80000    6.73700
   1.07955     .05000   26.45900
   1.07955     .10000   18.50200
   1.07955     .20000   12.59900
   1.07955     .40000    8.81300
   1.07955     .80000    7.07400
   1.77270     .05000   27.15300
   1.77270     .10000   19.14500
   1.77270     .20000   13.20800
   1.77270     .40000    9.33000
   1.77270     .80000    7.36200
   2.46585     .05000   27.47200
   2.46585     .10000   19.43900
   2.46585     .20000   13.49100
   2.46585     .40000    9.59800
   2.46585     .80000    7.55300
   3.15899     .05000   27.60300
   3.15899     .10000   19.56200
   3.15899     .20000   13.60900
   3.15899     .40000    9.71800
   3.15899     .80000    7.65500
