  -5.15877     .05000    4.49600
  -5.15877     .10000    4.32100
  -5.15877     .20000    4.31400
  -5.15877     .40000    4.31400
  -5.15877     .80000    4.31400
  -4.46563     .05000    5.10900
  -4.46563     .10000    4.69800
  -4.46563     .20000    4.65100
  -4.46563     .40000    4.65100
  -4.46563     .80000    4.65100
  -3.77248     .05000    5.87200
  -3.77248     .10000    5.15700
  -3.77248     .20000    4.98700
  -3.77248     .40000    4.98000
  -3.77248     .80000    4.98000
  -3.07933     .05000    6.77000
  -3.07933     .10000    5.73700
  -3.07933     .20000    5.34200
  -3.07933     .40000    5.30000
  -3.07933     .80000    5.30000
  -2.38618     .05000    7.75700
  -2.38618     .10000    6.44200
  -2.38618     .20000    5.76300
  -2.38618     .40000    5.61000
  -2.38618     .80000    5.60400
  -1.69304     .05000    8.75100
  -1.69304     .10000    7.23600
  -1.69304     .20000    6.27600
  -1.69304     .40000    5.92200
  -1.69304     .80000    5.88800
   -.99989     .05000    9.74900
   -.99989     .10000    8.09600
   -.99989     .20000    6.89400
   -.99989     .40000    6.29700
   -.99989     .80000    6.17000
   -.30674     .05000   10.54000
   -.30674     .10000    8.83200
   -.30674     .20000    7.48900
   -.30674     .40000    6.68200
   -.30674     .80000    6.40400
    .38640     .05000   11.13300
    .38640     .10000    9.40400
    .38640     .20000    7.99600
    .38640     .40000    7.05000
    .38640     .80000    6.62200
   1.07955     .05000   11.51100
   1.07955     .10000    9.77400
   1.07955     .20000    8.34500
   1.07955     .40000    7.33400
   1.07955     .80000    6.80600
   1.77270     .05000   11.71200
   1.77270     .10000    9.97100
   1.77270     .20000    8.53700
   1.77270     .40000    7.50700
   1.77270     .80000    6.93100
   2.46585     .05000   11.80300
   2.46585     .10000   10.06100
   2.46585     .20000    8.62600
   2.46585     .40000    7.59200
   2.46585     .80000    7.00000
   3.15899     .05000   11.84100
   3.15899     .10000   10.09800
   3.15899     .20000    8.66300
   3.15899     .40000    7.62800
   3.15899     .80000    7.03300
