5.000000000000000000e+00 3.590468006035232307e-01
1.526315789473684248e+01 4.321223553014050256e-01
2.552631578947368496e+01 4.644947480910697202e-01
3.578947368421052744e+01 4.847843386628073459e-01
4.605263157894736992e+01 4.992557777975863975e-01
5.631578947368421240e+01 5.103202158541201294e-01
6.657894736842105488e+01 5.191580579708555687e-01
7.684210526315789025e+01 5.264334211142994713e-01
8.710526315789473983e+01 5.325563260222487827e-01
9.736842105263158942e+01 5.377973030319604941e-01
1.076315789473684248e+02 5.423439979289401691e-01
1.178947368421052602e+02 5.463317376006782133e-01
1.281578947368421098e+02 5.498612086408116717e-01
1.384210526315789593e+02 5.530092581422497711e-01
1.486842105263157805e+02 5.558357946738280431e-01
1.589473684210526301e+02 5.583883650785497199e-01
1.692105263157894797e+02 5.607052870745484752e-01
1.794736842105263293e+02 5.628178520085914682e-01
1.897368421052631788e+02 5.647519103239203586e-01
2.000000000000000000e+02 5.665290361990307222e-01
